Прямая:

(1.1;1.1) (0.974645;0.974645) (0.1;0.1)
(1.57217;1.57217) (0.915106;0.915106) (0.1;0.1)
(2.02684;2.02684) (0.906735;0.906735) (0.1;0.1)
(2.48228;2.48228) (0.920121;0.920121) (0.1;0.1)
(2.94698;2.94698) (0.94509;0.94509) (0.1;0.1)
(3.4257;3.4257) (0.977029;0.977029) (0.1;0.1)
(3.92136;3.92136) (1.0135;1.0135) (0.1;0.1)
(4.43592;4.43592) (1.05307;1.05307) (0.1;0.1)
(4.97074;4.97074) (1.09486;1.09486) (0.1;0.1)
(5.5268;5.5268) (1.13829;1.13829) (0.1;0.1)
(6.10483;6.10483) (1.18294;1.18294) (0.1;0.1)
(6.70538;6.70538) (1.22854;1.22854) (0.1;0.1)
(7.32889;7.32889) (1.27487;1.27487) (0.1;0.1)
(7.97569;7.97569) (1.3218;1.3218) (0.1;0.1)
(8.64605;8.64605) (1.36919;1.36919) (0.1;0.1)
(9.34019;9.34019) (1.41697;1.41697) (0.1;0.1)
(10.0583;10.0583) (1.46505;1.46505) (0.1;0.1)
(10.8005;10.8005) (1.5134;1.5134) (0.1;0.1)
(11.5669;11.5669) (1.56197;1.56197) (0.1;0.1)
(12.3576;12.3576) (1.61071;1.61071) (0.1;0.1)
(13.1727;13.1727) (1.65961;1.65961) (0.1;0.1)
(14.0123;14.0123) (1.70864;1.70864) (0.1;0.1)
(14.8765;14.8765) (1.75779;1.75779) (0.1;0.1)
(15.7652;15.7652) (1.80702;1.80702) (0.1;0.1)
(16.6786;16.6786) (1.85634;1.85634) (0.1;0.1)
(17.6166;17.6166) (1.90573;1.90573) (0.1;0.1)
(18.5794;18.5794) (1.95519;1.95519) (0.1;0.1)
(19.5669;19.5669) (2.0047;2.0047) (0.1;0.1)
(20.5792;20.5792) (2.05425;2.05425) (0.1;0.1)
(21.6162;21.6162) (2.10385;2.10385) (0.1;0.1)
(22.678;22.678) (2.15349;2.15349) (0.1;0.1)
(23.7647;23.7647) (2.20316;2.20316) (0.1;0.1)
(24.8762;24.8762) (2.25286;2.25286) (0.1;0.1)
(26.0126;26.0126) (2.30258;2.30258) (0.1;0.1)
(27.1739;27.1739) (2.35233;2.35233) (0.1;0.1)
(28.36;28.36) (2.4021;2.4021) (0.1;0.1)
(29.571;29.571) (2.45188;2.45188) (0.1;0.1)
(30.8069;30.8069) (2.50169;2.50169) (0.1;0.1)
(32.0677;32.0677) (2.55151;2.55151) (0.1;0.1)
(33.3534;33.3534) (2.60134;2.60134) (0.1;0.1)
(34.664;34.664) (2.65119;2.65119) (0.1;0.1)
(35.9996;35.9996) (2.70104;2.70104) (0.1;0.1)
(37.3601;37.3601) (2.75091;2.75091) (0.1;0.1)
(38.7455;38.7455) (2.80079;2.80079) (0.1;0.1)
(40.1559;40.1559) (2.85067;2.85067) (0.1;0.1)
(41.5912;41.5912) (2.90057;2.90057) (0.1;0.1)
(43.0515;43.0515) (2.95047;2.95047) (0.1;0.1)
(44.5367;44.5367) (3.00037;3.00037) (0.1;0.1)
(46.0469;46.0469) (3.05029;3.05029) (0.1;0.1)
(47.582;47.582) (3.10021;3.10021) (0.1;0.1)
(49.1421;49.1421) (3.15013;3.15013) (0.1;0.1)
(50.7271;50.7271) (3.20006;3.20006) (0.1;0.1)
(52.3371;52.3371) (3.24999;3.24999) (0.1;0.1)
(53.9721;53.9721) (3.29993;3.29993) (0.1;0.1)
(55.6321;55.6321) (3.34987;3.34987) (0.1;0.1)
(57.317;57.317) (3.39981;3.39981) (0.1;0.1)
(59.0269;59.0269) (3.44976;3.44976) (0.1;0.1)
(60.7618;60.7618) (3.49971;3.49971) (0.1;0.1)
(62.5216;62.5216) (3.54967;3.54967) (0.1;0.1)
(64.3064;64.3064) (3.59962;3.59962) (0.1;0.1)
(66.1162;66.1162) (3.64958;3.64958) (0.1;0.1)
(67.951;67.951) (3.69954;3.69954) (0.1;0.1)
(69.8108;69.8108) (3.7495;3.7495) (0.1;0.1)
(71.6955;71.6955) (3.79947;3.79947) (0.1;0.1)
(73.6053;73.6053) (3.84943;3.84943) (0.1;0.1)
(75.54;75.54) (3.8994;3.8994) (0.1;0.1)
(77.4997;77.4997) (3.94937;3.94937) (0.1;0.1)
(79.4843;79.4843) (3.99934;3.99934) (0.1;0.1)
(81.494;81.494) (4.04931;4.04931) (0.1;0.1)
(83.5287;83.5287) (4.09929;4.09929) (0.1;0.1)
(85.5883;85.5883) (4.14926;4.14926) (0.1;0.1)
(87.6729;87.6729) (4.19924;4.19924) (0.1;0.1)
(89.7825;89.7825) (4.24922;4.24922) (0.1;0.1)
(91.9172;91.9172) (4.2992;4.2992) (0.1;0.1)
(94.0767;94.0767) (4.34918;4.34918) (0.1;0.1)
(96.2613;96.2613) (4.39916;4.39916) (0.1;0.1)
(98.4709;98.4709) (4.44914;4.44914) (0.1;0.1)
(100.705;100.705) (4.49912;4.49912) (0.1;0.1)
(102.965;102.965) (4.5491;4.5491) (0.1;0.1)
(105.25;105.25) (4.59909;4.59909) (0.1;0.1)
(107.559;107.559) (4.64907;4.64907) (0.1;0.1)
(109.894;109.894) (4.69906;4.69906) (0.1;0.1)
(112.253;112.253) (4.74904;4.74904) (0.1;0.1)
(114.638;114.638) (4.79903;4.79903) (0.1;0.1)
(117.047;117.047) (4.84901;4.84901) (0.1;0.1)
(119.482;119.482) (4.899;4.899) (0.1;0.1)
(121.941;121.941) (4.94899;4.94899) (0.1;0.1)
(124.426;124.426) (4.99898;4.99898) (0.1;0.1)
(126.935;126.935) (5.04897;5.04897) (0.1;0.1)
(129.47;129.47) (5.09895;5.09895) (0.1;0.1)
(132.029;132.029) (5.14894;5.14894) (0.1;0.1)
(134.614;134.614) (5.19893;5.19893) (0.1;0.1)
(137.223;137.223) (5.24893;5.24893) (0.1;0.1)
(139.858;139.858) (5.29892;5.29892) (0.1;0.1)
(142.517;142.517) (5.34891;5.34891) (0.1;0.1)
(145.201;145.201) (5.3989;5.3989) (0.1;0.1)
(147.911;147.911) (5.44889;5.44889) (0.1;0.1)
(150.645;150.645) (5.49888;5.49888) (0.1;0.1)
(153.405;153.405) (5.54887;5.54887) (0.1;0.1)
(156.189;156.189) (5.59887;5.59887) (0.1;0.1)
(158.999;158.999) (5.64886;5.64886) (0.1;0.1)
(161.833;161.833) (5.69885;5.69885) (0.1;0.1)
(164.692;164.692) (5.74885;5.74885) (0.1;0.1)
(167.577;167.577) (5.79884;5.79884) (0.1;0.1)
(170.486;170.486) (5.84883;5.84883) (0.1;0.1)
(173.421;173.421) (5.89883;5.89883) (0.1;0.1)
(176.38;176.38) (5.94882;5.94882) (0.1;0.1)
(179.365;179.365) (5.99882;5.99882) (0.1;0.1)
(182.374;182.374) (6.04881;6.04881) (0.1;0.1)
(185.408;185.408) (6.09881;6.09881) (0.1;0.1)
(188.468;188.468) (6.1488;6.1488) (0.1;0.1)
(191.552;191.552) (6.1988;6.1988) (0.1;0.1)
(194.662;194.662) (6.24879;6.24879) (0.1;0.1)
(197.796;197.796) (6.29879;6.29879) (0.1;0.1)
(200.955;200.955) (6.34878;6.34878) (0.1;0.1)
(204.14;204.14) (6.39878;6.39878) (0.1;0.1)
(207.349;207.349) (6.44877;6.44877) (0.1;0.1)
(210.584;210.584) (6.49877;6.49877) (0.1;0.1)
(213.843;213.843) (6.54877;6.54877) (0.1;0.1)
(217.127;217.127) (6.59876;6.59876) (0.1;0.1)
(220.437;220.437) (6.64876;6.64876) (0.1;0.1)
(223.771;223.771) (6.69875;6.69875) (0.1;0.1)
(227.13;227.13) (6.74875;6.74875) (0.1;0.1)
(230.515;230.515) (6.79875;6.79875) (0.1;0.1)
(233.924;233.924) (6.84874;6.84874) (0.1;0.1)
(237.359;237.359) (6.89874;6.89874) (0.1;0.1)
(240.818;240.818) (6.94874;6.94874) (0.1;0.1)
(244.302;244.302) (6.99873;6.99873) (0.1;0.1)
(247.812;247.812) (7.04873;7.04873) (0.1;0.1)
(251.346;251.346) (7.09873;7.09873) (0.1;0.1)
(254.905;254.905) (7.14873;7.14873) (0.1;0.1)
(258.49;258.49) (7.19872;7.19872) (0.1;0.1)
(262.099;262.099) (7.24872;7.24872) (0.1;0.1)
(265.733;265.733) (7.29872;7.29872) (0.1;0.1)
(269.393;269.393) (7.34872;7.34872) (0.1;0.1)
(273.077;273.077) (7.39871;7.39871) (0.1;0.1)
(276.787;276.787) (7.44871;7.44871) (0.1;0.1)
(280.521;280.521) (7.49871;7.49871) (0.1;0.1)
(284.28;284.28) (7.54871;7.54871) (0.1;0.1)
(288.065;288.065) (7.5987;7.5987) (0.1;0.1)
(291.874;291.874) (7.6487;7.6487) (0.1;0.1)
(295.708;295.708) (7.6987;7.6987) (0.1;0.1)
(299.568;299.568) (7.7487;7.7487) (0.1;0.1)
(303.452;303.452) (7.7987;7.7987) (0.1;0.1)
(307.361;307.361) (7.84869;7.84869) (0.1;0.1)
(311.296;311.296) (7.89869;7.89869) (0.1;0.1)
(315.255;315.255) (7.94869;7.94869) (0.1;0.1)
(319.239;319.239) (7.99869;7.99869) (0.1;0.1)
(323.249;323.249) (8.04869;8.04869) (0.1;0.1)
(327.283;327.283) (8.09869;8.09869) (0.1;0.1)
(331.342;331.342) (8.14868;8.14868) (0.1;0.1)
(335.427;335.427) (8.19868;8.19868) (0.1;0.1)
(339.536;339.536) (8.24868;8.24868) (0.1;0.1)
(343.67;343.67) (8.29868;8.29868) (0.1;0.1)
(347.83;347.83) (8.34868;8.34868) (0.1;0.1)
(352.014;352.014) (8.39868;8.39868) (0.1;0.1)
(356.223;356.223) (8.44867;8.44867) (0.1;0.1)
(360.458;360.458) (8.49867;8.49867) (0.1;0.1)
(364.717;364.717) (8.54867;8.54867) (0.1;0.1)
(369.001;369.001) (8.59867;8.59867) (0.1;0.1)
(373.311;373.311) (8.64867;8.64867) (0.1;0.1)
(377.645;377.645) (8.69867;8.69867) (0.1;0.1)
(382.004;382.004) (8.74867;8.74867) (0.1;0.1)
(386.389;386.389) (8.79867;8.79867) (0.1;0.1)
(390.798;390.798) (8.84866;8.84866) (0.1;0.1)
(395.232;395.232) (8.89866;8.89866) (0.1;0.1)
(399.692;399.692) (8.94866;8.94866) (0.1;0.1)
(404.176;404.176) (8.99866;8.99866) (0.1;0.1)
(408.685;408.685) (9.04866;9.04866) (0.1;0.1)
(413.22;413.22) (9.09866;9.09866) (0.1;0.1)
(417.779;417.779) (9.14866;9.14866) (0.1;0.1)
(422.363;422.363) (9.19866;9.19866) (0.1;0.1)
(426.973;426.973) (9.24866;9.24866) (0.1;0.1)
(431.607;431.607) (9.29866;9.29866) (0.1;0.1)
(436.266;436.266) (9.34865;9.34865) (0.1;0.1)
(440.951;440.951) (9.39865;9.39865) (0.1;0.1)
(445.66;445.66) (9.44865;9.44865) (0.1;0.1)
(450.394;450.394) (9.49865;9.49865) (0.1;0.1)
(455.154;455.154) (9.54865;9.54865) (0.1;0.1)
(459.938;459.938) (9.59865;9.59865) (0.1;0.1)
(464.747;464.747) (9.64865;9.64865) (0.1;0.1)
(469.582;469.582) (9.69865;9.69865) (0.1;0.1)
(474.441;474.441) (9.74865;9.74865) (0.1;0.1)
(479.325;479.325) (9.79865;9.79865) (0.1;0.1)
(484.235;484.235) (9.84865;9.84865) (0.1;0.1)
(489.169;489.169) (9.89865;9.89865) (0.1;0.1)
(494.128;494.128) (9.94864;9.94864) (0.1;0.1)
(499.113;499.113) (9.99864;9.99864) (0.1;0.1)
(504.122;504.122) (10.0486;10.0486) (0.1;0.1)
(509.156;509.156) (10.0986;10.0986) (0.1;0.1)
(514.216;514.216) (10.1486;10.1486) (0.1;0.1)
(519.3;519.3) (10.1986;10.1986) (0.1;0.1)
(524.409;524.409) (10.2486;10.2486) (0.1;0.1)
(529.544;529.544) (10.2986;10.2986) (0.1;0.1)
(534.703;534.703) (10.3486;10.3486) (0.1;0.1)
(539.887;539.887) (10.3986;10.3986) (0.1;0.1)
(545.097;545.097) (10.4486;10.4486) (0.1;0.1)
(550.331;550.331) (10.4986;10.4986) (0.1;0.1)
(555.59;555.59) (10.5486;10.5486) (0.1;0.1)
(560.874;560.874) (10.5986;10.5986) (0.1;0.1)
(566.184;566.184) (10.6486;10.6486) (0.1;0.1)
(571.518;571.518) (10.6986;10.6986) (0.1;0.1)
(576.877;576.877) (10.7486;10.7486) (0.1;0.1)
(582.262;582.262) (10.7986;10.7986) (0.1;0.1)
(587.671;587.671) (10.8486;10.8486) (0.1;0.1)
(593.105;593.105) (10.8986;10.8986) (0.1;0.1)
(598.565;598.565) (10.9486;10.9486) (0.1;0.1)
(604.049;604.049) (10.9986;10.9986) (0.1;0.1)
(609.558;609.558) (11.0486;11.0486) (0.1;0.1)
(615.093;615.093) (11.0986;11.0986) (0.1;0.1)
(620.652;620.652) (11.1486;11.1486) (0.1;0.1)
(626.236;626.236) (11.1986;11.1986) (0.1;0.1)
(631.846;631.846) (11.2486;11.2486) (0.1;0.1)
(637.48;637.48) (11.2986;11.2986) (0.1;0.1)
(643.139;643.139) (11.3486;11.3486) (0.1;0.1)
(648.824;648.824) (11.3986;11.3986) (0.1;0.1)
(654.533;654.533) (11.4486;11.4486) (0.1;0.1)
(660.267;660.267) (11.4986;11.4986) (0.1;0.1)
(666.026;666.026) (11.5486;11.5486) (0.1;0.1)
(671.811;671.811) (11.5986;11.5986) (0.1;0.1)
(677.62;677.62) (11.6486;11.6486) (0.1;0.1)
(683.454;683.454) (11.6986;11.6986) (0.1;0.1)
(689.314;689.314) (11.7486;11.7486) (0.1;0.1)
(695.198;695.198) (11.7986;11.7986) (0.1;0.1)
(701.107;701.107) (11.8486;11.8486) (0.1;0.1)
(707.042;707.042) (11.8986;11.8986) (0.1;0.1)
(713.001;713.001) (11.9486;11.9486) (0.1;0.1)
(718.985;718.985) (11.9986;11.9986) (0.1;0.1)
(724.995;724.995) (12.0486;12.0486) (0.1;0.1)
(731.029;731.029) (12.0986;12.0986) (0.1;0.1)
(737.088;737.088) (12.1486;12.1486) (0.1;0.1)
(743.173;743.173) (12.1986;12.1986) (0.1;0.1)
(749.282;749.282) (12.2486;12.2486) (0.1;0.1)
(755.416;755.416) (12.2986;12.2986) (0.1;0.1)
(761.575;761.575) (12.3486;12.3486) (0.1;0.1)
(767.76;767.76) (12.3986;12.3986) (0.1;0.1)
(773.969;773.969) (12.4486;12.4486) (0.1;0.1)
(780.203;780.203) (12.4986;12.4986) (0.1;0.1)
(786.463;786.463) (12.5486;12.5486) (0.1;0.1)
(792.747;792.747) (12.5986;12.5986) (0.1;0.1)
(799.056;799.056) (12.6486;12.6486) (0.1;0.1)
(805.391;805.391) (12.6986;12.6986) (0.1;0.1)
(811.75;811.75) (12.7486;12.7486) (0.1;0.1)
(818.134;818.134) (12.7986;12.7986) (0.1;0.1)
(824.544;824.544) (12.8486;12.8486) (0.1;0.1)
(830.978;830.978) (12.8986;12.8986) (0.1;0.1)
(837.437;837.437) (12.9486;12.9486) (0.1;0.1)
(843.922;843.922) (12.9986;12.9986) (0.1;0.1)
(850.431;850.431) (13.0486;13.0486) (0.1;0.1)
(856.965;856.965) (13.0986;13.0986) (0.1;0.1)
(863.524;863.524) (13.1486;13.1486) (0.1;0.1)
(870.109;870.109) (13.1986;13.1986) (0.1;0.1)
(876.718;876.718) (13.2486;13.2486) (0.1;0.1)
(883.352;883.352) (13.2986;13.2986) (0.1;0.1)
(890.012;890.012) (13.3486;13.3486) (0.1;0.1)
(896.696;896.696) (13.3986;13.3986) (0.1;0.1)
(903.405;903.405) (13.4486;13.4486) (0.1;0.1)
(910.14;910.14) (13.4986;13.4986) (0.1;0.1)
(916.899;916.899) (13.5486;13.5486) (0.1;0.1)
(923.683;923.683) (13.5986;13.5986) (0.1;0.1)
(930.493;930.493) (13.6486;13.6486) (0.1;0.1)
(937.327;937.327) (13.6986;13.6986) (0.1;0.1)
(944.186;944.186) (13.7486;13.7486) (0.1;0.1)
(951.07;951.07) (13.7986;13.7986) (0.1;0.1)
(957.98;957.98) (13.8486;13.8486) (0.1;0.1)
(964.914;964.914) (13.8986;13.8986) (0.1;0.1)
(971.873;971.873) (13.9486;13.9486) (0.1;0.1)
(978.858;978.858) (13.9986;13.9986) (0.1;0.1)
(985.867;985.867) (14.0486;14.0486) (0.1;0.1)
(992.901;992.901) (14.0986;14.0986) (0.1;0.1)
(999.961;999.961) (14.1486;14.1486) (0.1;0.1)
(1007.04;1007.04) (14.1986;14.1986) (0.1;0.1)
(1014.15;1014.15) (14.2486;14.2486) (0.1;0.1)
(1021.29;1021.29) (14.2986;14.2986) (0.1;0.1)
(1028.45;1028.45) (14.3486;14.3486) (0.1;0.1)
(1035.63;1035.63) (14.3986;14.3986) (0.1;0.1)
(1042.84;1042.84) (14.4486;14.4486) (0.1;0.1)
(1050.08;1050.08) (14.4986;14.4986) (0.1;0.1)
(1057.34;1057.34) (14.5486;14.5486) (0.1;0.1)
(1064.62;1064.62) (14.5986;14.5986) (0.1;0.1)
(1071.93;1071.93) (14.6486;14.6486) (0.1;0.1)
(1079.26;1079.26) (14.6986;14.6986) (0.1;0.1)
(1086.62;1086.62) (14.7486;14.7486) (0.1;0.1)
(1094.01;1094.01) (14.7986;14.7986) (0.1;0.1)
(1101.42;1101.42) (14.8486;14.8486) (0.1;0.1)
(1108.85;1108.85) (14.8986;14.8986) (0.1;0.1)
(1116.31;1116.31) (14.9486;14.9486) (0.1;0.1)
(1123.79;1123.79) (14.9986;14.9986) (0.1;0.1)
(1131.3;1131.3) (15.0486;15.0486) (0.1;0.1)
(1138.84;1138.84) (15.0986;15.0986) (0.1;0.1)
(1146.4;1146.4) (15.1486;15.1486) (0.1;0.1)
(1153.98;1153.98) (15.1986;15.1986) (0.1;0.1)
(1161.59;1161.59) (15.2486;15.2486) (0.1;0.1)
(1169.22;1169.22) (15.2986;15.2986) (0.1;0.1)
(1176.88;1176.88) (15.3486;15.3486) (0.1;0.1)
(1184.57;1184.57) (15.3986;15.3986) (0.1;0.1)
(1192.28;1192.28) (15.4486;15.4486) (0.1;0.1)
(1200.01;1200.01) (15.4986;15.4986) (0.1;0.1)
(1207.77;1207.77) (15.5486;15.5486) (0.1;0.1)
(1215.56;1215.56) (15.5986;15.5986) (0.1;0.1)
(1223.36;1223.36) (15.6486;15.6486) (0.1;0.1)
(1231.2;1231.2) (15.6986;15.6986) (0.1;0.1)
(1239.06;1239.06) (15.7486;15.7486) (0.1;0.1)
(1246.94;1246.94) (15.7986;15.7986) (0.1;0.1)
(1254.85;1254.85) (15.8486;15.8486) (0.1;0.1)
(1262.79;1262.79) (15.8986;15.8986) (0.1;0.1)
(1270.75;1270.75) (15.9486;15.9486) (0.1;0.1)
(1278.73;1278.73) (15.9986;15.9986) (0.1;0.1)
(1286.74;1286.74) (16.0486;16.0486) (0.1;0.1)
(1294.77;1294.77) (16.0986;16.0986) (0.1;0.1)
(1302.83;1302.83) (16.1486;16.1486) (0.1;0.1)
(1310.92;1310.92) (16.1986;16.1986) (0.1;0.1)
(1319.03;1319.03) (16.2486;16.2486) (0.1;0.1)
(1327.16;1327.16) (16.2986;16.2986) (0.1;0.1)
(1335.32;1335.32) (16.3486;16.3486) (0.1;0.1)
(1343.5;1343.5) (16.3986;16.3986) (0.1;0.1)
(1351.71;1351.71) (16.4486;16.4486) (0.1;0.1)
(1359.95;1359.95) (16.4986;16.4986) (0.1;0.1)
(1368.21;1368.21) (16.5486;16.5486) (0.1;0.1)
(1376.49;1376.49) (16.5986;16.5986) (0.1;0.1)
(1384.8;1384.8) (16.6486;16.6486) (0.1;0.1)
(1393.14;1393.14) (16.6986;16.6986) (0.1;0.1)
(1401.49;1401.49) (16.7486;16.7486) (0.1;0.1)
(1409.88;1409.88) (16.7986;16.7986) (0.1;0.1)
(1418.29;1418.29) (16.8486;16.8486) (0.1;0.1)
(1426.72;1426.72) (16.8986;16.8986) (0.1;0.1)
(1435.18;1435.18) (16.9486;16.9486) (0.1;0.1)
(1443.67;1443.67) (16.9986;16.9986) (0.1;0.1)
(1452.18;1452.18) (17.0486;17.0486) (0.1;0.1)
(1460.71;1460.71) (17.0986;17.0986) (0.1;0.1)
(1469.27;1469.27) (17.1486;17.1486) (0.1;0.1)
(1477.85;1477.85) (17.1986;17.1986) (0.1;0.1)
(1486.46;1486.46) (17.2486;17.2486) (0.1;0.1)
(1495.1;1495.1) (17.2986;17.2986) (0.1;0.1)
(1503.76;1503.76) (17.3486;17.3486) (0.1;0.1)
(1512.44;1512.44) (17.3986;17.3986) (0.1;0.1)
(1521.15;1521.15) (17.4486;17.4486) (0.1;0.1)
(1529.88;1529.88) (17.4986;17.4986) (0.1;0.1)
(1538.64;1538.64) (17.5486;17.5486) (0.1;0.1)
(1547.43;1547.43) (17.5986;17.5986) (0.1;0.1)
(1556.24;1556.24) (17.6486;17.6486) (0.1;0.1)
(1565.07;1565.07) (17.6986;17.6986) (0.1;0.1)
(1573.93;1573.93) (17.7486;17.7486) (0.1;0.1)
(1582.81;1582.81) (17.7986;17.7986) (0.1;0.1)
(1591.72;1591.72) (17.8486;17.8486) (0.1;0.1)
(1600.66;1600.66) (17.8986;17.8986) (0.1;0.1)
(1609.62;1609.62) (17.9486;17.9486) (0.1;0.1)
(1618.6;1618.6) (17.9986;17.9986) (0.1;0.1)
(1627.61;1627.61) (18.0486;18.0486) (0.1;0.1)
(1636.65;1636.65) (18.0986;18.0986) (0.1;0.1)
(1645.7;1645.7) (18.1486;18.1486) (0.1;0.1)
(1654.79;1654.79) (18.1986;18.1986) (0.1;0.1)
(1663.9;1663.9) (18.2486;18.2486) (0.1;0.1)
(1673.03;1673.03) (18.2986;18.2986) (0.1;0.1)
(1682.19;1682.19) (18.3486;18.3486) (0.1;0.1)
(1691.38;1691.38) (18.3986;18.3986) (0.1;0.1)
(1700.59;1700.59) (18.4486;18.4486) (0.1;0.1)
(1709.82;1709.82) (18.4986;18.4986) (0.1;0.1)
(1719.08;1719.08) (18.5486;18.5486) (0.1;0.1)
(1728.36;1728.36) (18.5986;18.5986) (0.1;0.1)
(1737.67;1737.67) (18.6486;18.6486) (0.1;0.1)
(1747.01;1747.01) (18.6986;18.6986) (0.1;0.1)
(1756.37;1756.37) (18.7486;18.7486) (0.1;0.1)
(1765.75;1765.75) (18.7986;18.7986) (0.1;0.1)
(1775.16;1775.16) (18.8486;18.8486) (0.1;0.1)
(1784.59;1784.59) (18.8986;18.8986) (0.1;0.1)
(1794.05;1794.05) (18.9486;18.9486) (0.1;0.1)
(1803.54;1803.54) (18.9986;18.9986) (0.1;0.1)
(1813.05;1813.05) (19.0486;19.0486) (0.1;0.1)
(1822.58;1822.58) (19.0986;19.0986) (0.1;0.1)
(1832.14;1832.14) (19.1486;19.1486) (0.1;0.1)
(1841.73;1841.73) (19.1986;19.1986) (0.1;0.1)
(1851.33;1851.33) (19.2486;19.2486) (0.1;0.1)
(1860.97;1860.97) (19.2986;19.2986) (0.1;0.1)
(1870.63;1870.63) (19.3486;19.3486) (0.1;0.1)
(1880.31;1880.31) (19.3986;19.3986) (0.1;0.1)
(1890.02;1890.02) (19.4486;19.4486) (0.1;0.1)
(1899.76;1899.76) (19.4986;19.4986) (0.1;0.1)
(1909.52;1909.52) (19.5486;19.5486) (0.1;0.1)
(1919.3;1919.3) (19.5986;19.5986) (0.1;0.1)
(1929.11;1929.11) (19.6486;19.6486) (0.1;0.1)
(1938.94;1938.94) (19.6986;19.6986) (0.1;0.1)
(1948.8;1948.8) (19.7486;19.7486) (0.1;0.1)
(1958.69;1958.69) (19.7986;19.7986) (0.1;0.1)
(1968.6;1968.6) (19.8486;19.8486) (0.1;0.1)
(1978.53;1978.53) (19.8986;19.8986) (0.1;0.1)
(1988.49;1988.49) (19.9486;19.9486) (0.1;0.1)
(1998.47;1998.47) (19.9986;19.9986) (0.1;0.1)
(2008.48;2008.48) (20.0486;20.0486) (0.1;0.1)
(2018.52;2018.52) (20.0986;20.0986) (0.1;0.1)
(2028.58;2028.58) (20.1486;20.1486) (0.1;0.1)
(2038.66;2038.66) (20.1986;20.1986) (0.1;0.1)
(2048.77;2048.77) (20.2486;20.2486) (0.1;0.1)
(2058.9;2058.9) (20.2986;20.2986) (0.1;0.1)
(2069.06;2069.06) (20.3486;20.3486) (0.1;0.1)
(2079.25;2079.25) (20.3986;20.3986) (0.1;0.1)
(2089.46;2089.46) (20.4486;20.4486) (0.1;0.1)
(2099.69;2099.69) (20.4986;20.4986) (0.1;0.1)
(2109.95;2109.95) (20.5486;20.5486) (0.1;0.1)
(2120.24;2120.24) (20.5986;20.5986) (0.1;0.1)
(2130.54;2130.54) (20.6486;20.6486) (0.1;0.1)
(2140.88;2140.88) (20.6986;20.6986) (0.1;0.1)
(2151.24;2151.24) (20.7486;20.7486) (0.1;0.1)
(2161.62;2161.62) (20.7986;20.7986) (0.1;0.1)
(2172.03;2172.03) (20.8486;20.8486) (0.1;0.1)
(2182.47;2182.47) (20.8986;20.8986) (0.1;0.1)
(2192.93;2192.93) (20.9486;20.9486) (0.1;0.1)
(2203.41;2203.41) (20.9986;20.9986) (0.1;0.1)
(2213.92;2213.92) (21.0486;21.0486) (0.1;0.1)
(2224.45;2224.45) (21.0986;21.0986) (0.1;0.1)
(2235.01;2235.01) (21.1486;21.1486) (0.1;0.1)
(2245.6;2245.6) (21.1986;21.1986) (0.1;0.1)
(2256.21;2256.21) (21.2486;21.2486) (0.1;0.1)
(2266.84;2266.84) (21.2986;21.2986) (0.1;0.1)
(2277.5;2277.5) (21.3486;21.3486) (0.1;0.1)
(2288.18;2288.18) (21.3986;21.3986) (0.1;0.1)
(2298.89;2298.89) (21.4486;21.4486) (0.1;0.1)
(2309.63;2309.63) (21.4986;21.4986) (0.1;0.1)
(2320.39;2320.39) (21.5486;21.5486) (0.1;0.1)
(2331.17;2331.17) (21.5986;21.5986) (0.1;0.1)
(2341.98;2341.98) (21.6486;21.6486) (0.1;0.1)
(2352.82;2352.82) (21.6986;21.6986) (0.1;0.1)
(2363.67;2363.67) (21.7486;21.7486) (0.1;0.1)
(2374.56;2374.56) (21.7986;21.7986) (0.1;0.1)
(2385.47;2385.47) (21.8486;21.8486) (0.1;0.1)
(2396.4;2396.4) (21.8986;21.8986) (0.1;0.1)
(2407.36;2407.36) (21.9486;21.9486) (0.1;0.1)
(2418.35;2418.35) (21.9986;21.9986) (0.1;0.1)
(2429.36;2429.36) (22.0486;22.0486) (0.1;0.1)
(2440.39;2440.39) (22.0986;22.0986) (0.1;0.1)
(2451.45;2451.45) (22.1486;22.1486) (0.1;0.1)
(2462.53;2462.53) (22.1986;22.1986) (0.1;0.1)
(2473.64;2473.64) (22.2486;22.2486) (0.1;0.1)
(2484.78;2484.78) (22.2986;22.2986) (0.1;0.1)
(2495.94;2495.94) (22.3486;22.3486) (0.1;0.1)
(2507.12;2507.12) (22.3986;22.3986) (0.1;0.1)
(2518.33;2518.33) (22.4486;22.4486) (0.1;0.1)
(2529.56;2529.56) (22.4986;22.4986) (0.1;0.1)
(2540.82;2540.82) (22.5486;22.5486) (0.1;0.1)
(2552.11;2552.11) (22.5986;22.5986) (0.1;0.1)
(2563.42;2563.42) (22.6486;22.6486) (0.1;0.1)
(2574.75;2574.75) (22.6986;22.6986) (0.1;0.1)
(2586.11;2586.11) (22.7486;22.7486) (0.1;0.1)
(2597.49;2597.49) (22.7986;22.7986) (0.1;0.1)
(2608.9;2608.9) (22.8486;22.8486) (0.1;0.1)
(2620.34;2620.34) (22.8986;22.8986) (0.1;0.1)
(2631.8;2631.8) (22.9486;22.9486) (0.1;0.1)
(2643.28;2643.28) (22.9986;22.9986) (0.1;0.1)
(2654.79;2654.79) (23.0486;23.0486) (0.1;0.1)
(2666.33;2666.33) (23.0986;23.0986) (0.1;0.1)
(2677.88;2677.88) (23.1486;23.1486) (0.1;0.1)
(2689.47;2689.47) (23.1986;23.1986) (0.1;0.1)
(2701.08;2701.08) (23.2486;23.2486) (0.1;0.1)
(2712.71;2712.71) (23.2986;23.2986) (0.1;0.1)
(2724.37;2724.37) (23.3486;23.3486) (0.1;0.1)
(2736.06;2736.06) (23.3986;23.3986) (0.1;0.1)
(2747.77;2747.77) (23.4486;23.4486) (0.1;0.1)
(2759.5;2759.5) (23.4986;23.4986) (0.1;0.1)
(2771.26;2771.26) (23.5486;23.5486) (0.1;0.1)
(2783.04;2783.04) (23.5986;23.5986) (0.1;0.1)
(2794.85;2794.85) (23.6486;23.6486) (0.1;0.1)
(2806.69;2806.69) (23.6986;23.6986) (0.1;0.1)
(2818.55;2818.55) (23.7486;23.7486) (0.1;0.1)
(2830.43;2830.43) (23.7986;23.7986) (0.1;0.1)
(2842.34;2842.34) (23.8486;23.8486) (0.1;0.1)
(2854.27;2854.27) (23.8986;23.8986) (0.1;0.1)
(2866.23;2866.23) (23.9486;23.9486) (0.1;0.1)
(2878.22;2878.22) (23.9986;23.9986) (0.1;0.1)
(2890.23;2890.23) (24.0486;24.0486) (0.1;0.1)
(2902.26;2902.26) (24.0986;24.0986) (0.1;0.1)
(2914.32;2914.32) (24.1486;24.1486) (0.1;0.1)
(2926.41;2926.41) (24.1986;24.1986) (0.1;0.1)
(2938.51;2938.51) (24.2486;24.2486) (0.1;0.1)
(2950.65;2950.65) (24.2986;24.2986) (0.1;0.1)
(2962.81;2962.81) (24.3486;24.3486) (0.1;0.1)
(2974.99;2974.99) (24.3986;24.3986) (0.1;0.1)
(2987.2;2987.2) (24.4486;24.4486) (0.1;0.1)
(2999.44;2999.44) (24.4986;24.4986) (0.1;0.1)
(3011.7;3011.7) (24.5486;24.5486) (0.1;0.1)
(3023.98;3023.98) (24.5986;24.5986) (0.1;0.1)
(3036.29;3036.29) (24.6486;24.6486) (0.1;0.1)
(3048.62;3048.62) (24.6986;24.6986) (0.1;0.1)
(3060.98;3060.98) (24.7486;24.7486) (0.1;0.1)
(3073.37;3073.37) (24.7986;24.7986) (0.1;0.1)
(3085.78;3085.78) (24.8486;24.8486) (0.1;0.1)
(3098.21;3098.21) (24.8986;24.8986) (0.1;0.1)
(3110.67;3110.67) (24.9486;24.9486) (0.1;0.1)
(3123.15;3123.15) (24.9986;24.9986) (0.1;0.1)
(3135.66;3135.66) (25.0486;25.0486) (0.1;0.1)
(3148.2;3148.2) (25.0986;25.0986) (0.1;0.1)
(3160.76;3160.76) (25.1486;25.1486) (0.1;0.1)
(3173.34;3173.34) (25.1986;25.1986) (0.1;0.1)
(3185.95;3185.95) (25.2486;25.2486) (0.1;0.1)
(3198.58;3198.58) (25.2986;25.2986) (0.1;0.1)
(3211.24;3211.24) (25.3486;25.3486) (0.1;0.1)
(3223.93;3223.93) (25.3986;25.3986) (0.1;0.1)
(3236.64;3236.64) (25.4486;25.4486) (0.1;0.1)
(3249.37;3249.37) (25.4986;25.4986) (0.1;0.1)
(3262.13;3262.13) (25.5486;25.5486) (0.1;0.1)
(3274.92;3274.92) (25.5986;25.5986) (0.1;0.1)
(3287.72;3287.72) (25.6486;25.6486) (0.1;0.1)
(3300.56;3300.56) (25.6986;25.6986) (0.1;0.1)
(3313.42;3313.42) (25.7486;25.7486) (0.1;0.1)
(3326.3;3326.3) (25.7986;25.7986) (0.1;0.1)
(3339.21;3339.21) (25.8486;25.8486) (0.1;0.1)
(3352.15;3352.15) (25.8986;25.8986) (0.1;0.1)
(3365.11;3365.11) (25.9486;25.9486) (0.1;0.1)
(3378.09;3378.09) (25.9986;25.9986) (0.1;0.1)
(3391.1;3391.1) (26.0486;26.0486) (0.1;0.1)
(3404.13;3404.13) (26.0986;26.0986) (0.1;0.1)
(3417.19;3417.19) (26.1486;26.1486) (0.1;0.1)
(3430.28;3430.28) (26.1986;26.1986) (0.1;0.1)
(3443.39;3443.39) (26.2486;26.2486) (0.1;0.1)
(3456.52;3456.52) (26.2986;26.2986) (0.1;0.1)
(3469.68;3469.68) (26.3486;26.3486) (0.1;0.1)
(3482.86;3482.86) (26.3986;26.3986) (0.1;0.1)
(3496.07;3496.07) (26.4486;26.4486) (0.1;0.1)
(3509.31;3509.31) (26.4986;26.4986) (0.1;0.1)
(3522.57;3522.57) (26.5486;26.5486) (0.1;0.1)
(3535.85;3535.85) (26.5986;26.5986) (0.1;0.1)
(3549.16;3549.16) (26.6486;26.6486) (0.1;0.1)
(3562.5;3562.5) (26.6986;26.6986) (0.1;0.1)
(3575.85;3575.85) (26.7486;26.7486) (0.1;0.1)
(3589.24;3589.24) (26.7986;26.7986) (0.1;0.1)
(3602.65;3602.65) (26.8486;26.8486) (0.1;0.1)
(3616.08;3616.08) (26.8986;26.8986) (0.1;0.1)
(3629.54;3629.54) (26.9486;26.9486) (0.1;0.1)
(3643.03;3643.03) (26.9986;26.9986) (0.1;0.1)
(3656.54;3656.54) (27.0486;27.0486) (0.1;0.1)
(3670.07;3670.07) (27.0986;27.0986) (0.1;0.1)
(3683.63;3683.63) (27.1486;27.1486) (0.1;0.1)
(3697.21;3697.21) (27.1986;27.1986) (0.1;0.1)
(3710.82;3710.82) (27.2486;27.2486) (0.1;0.1)
(3724.46;3724.46) (27.2986;27.2986) (0.1;0.1)
(3738.12;3738.12) (27.3486;27.3486) (0.1;0.1)
(3751.8;3751.8) (27.3986;27.3986) (0.1;0.1)
(3765.51;3765.51) (27.4486;27.4486) (0.1;0.1)
(3779.24;3779.24) (27.4986;27.4986) (0.1;0.1)
(3793;3793) (27.5486;27.5486) (0.1;0.1)
(3806.79;3806.79) (27.5986;27.5986) (0.1;0.1)
(3820.6;3820.6) (27.6486;27.6486) (0.1;0.1)
(3834.43;3834.43) (27.6986;27.6986) (0.1;0.1)
(3848.29;3848.29) (27.7486;27.7486) (0.1;0.1)
(3862.17;3862.17) (27.7986;27.7986) (0.1;0.1)
(3876.08;3876.08) (27.8486;27.8486) (0.1;0.1)
(3890.02;3890.02) (27.8986;27.8986) (0.1;0.1)
(3903.98;3903.98) (27.9486;27.9486) (0.1;0.1)
(3917.96;3917.96) (27.9986;27.9986) (0.1;0.1)
(3931.97;3931.97) (28.0486;28.0486) (0.1;0.1)
(3946.01;3946.01) (28.0986;28.0986) (0.1;0.1)
(3960.06;3960.06) (28.1486;28.1486) (0.1;0.1)
(3974.15;3974.15) (28.1986;28.1986) (0.1;0.1)
(3988.26;3988.26) (28.2486;28.2486) (0.1;0.1)
(4002.39;4002.39) (28.2986;28.2986) (0.1;0.1)
(4016.55;4016.55) (28.3486;28.3486) (0.1;0.1)
(4030.74;4030.74) (28.3986;28.3986) (0.1;0.1)
(4044.95;4044.95) (28.4486;28.4486) (0.1;0.1)
(4059.18;4059.18) (28.4986;28.4986) (0.1;0.1)
(4073.44;4073.44) (28.5486;28.5486) (0.1;0.1)
(4087.72;4087.72) (28.5986;28.5986) (0.1;0.1)
(4102.03;4102.03) (28.6486;28.6486) (0.1;0.1)
(4116.37;4116.37) (28.6986;28.6986) (0.1;0.1)
(4130.73;4130.73) (28.7486;28.7486) (0.1;0.1)
(4145.11;4145.11) (28.7986;28.7986) (0.1;0.1)
(4159.52;4159.52) (28.8486;28.8486) (0.1;0.1)
(4173.95;4173.95) (28.8986;28.8986) (0.1;0.1)
(4188.41;4188.41) (28.9486;28.9486) (0.1;0.1)
(4202.9;4202.9) (28.9986;28.9986) (0.1;0.1)
(4217.41;4217.41) (29.0486;29.0486) (0.1;0.1)
(4231.94;4231.94) (29.0986;29.0986) (0.1;0.1)
(4246.5;4246.5) (29.1486;29.1486) (0.1;0.1)
(4261.09;4261.09) (29.1986;29.1986) (0.1;0.1)
(4275.69;4275.69) (29.2486;29.2486) (0.1;0.1)
(4290.33;4290.33) (29.2986;29.2986) (0.1;0.1)
(4304.99;4304.99) (29.3486;29.3486) (0.1;0.1)
(4319.67;4319.67) (29.3986;29.3986) (0.1;0.1)
(4334.38;4334.38) (29.4486;29.4486) (0.1;0.1)
(4349.12;4349.12) (29.4986;29.4986) (0.1;0.1)
(4363.88;4363.88) (29.5486;29.5486) (0.1;0.1)
(4378.66;4378.66) (29.5986;29.5986) (0.1;0.1)
(4393.47;4393.47) (29.6486;29.6486) (0.1;0.1)
(4408.3;4408.3) (29.6986;29.6986) (0.1;0.1)
(4423.16;4423.16) (29.7486;29.7486) (0.1;0.1)
(4438.05;4438.05) (29.7986;29.7986) (0.1;0.1)
(4452.96;4452.96) (29.8486;29.8486) (0.1;0.1)
(4467.89;4467.89) (29.8986;29.8986) (0.1;0.1)
(4482.85;4482.85) (29.9486;29.9486) (0.1;0.1)
(4497.83;4497.83) (29.9986;29.9986) (0.1;0.1)
(4512.84;4512.84) (30.0486;30.0486) (0.1;0.1)
(4527.88;4527.88) (30.0986;30.0986) (0.1;0.1)
(4542.94;4542.94) (30.1486;30.1486) (0.1;0.1)
(4558.02;4558.02) (30.1986;30.1986) (0.1;0.1)
(4573.13;4573.13) (30.2486;30.2486) (0.1;0.1)
(4588.26;4588.26) (30.2986;30.2986) (0.1;0.1)
(4603.42;4603.42) (30.3486;30.3486) (0.1;0.1)
(4618.61;4618.61) (30.3986;30.3986) (0.1;0.1)
(4633.82;4633.82) (30.4486;30.4486) (0.1;0.1)
(4649.05;4649.05) (30.4986;30.4986) (0.1;0.1)
(4664.31;4664.31) (30.5486;30.5486) (0.1;0.1)
(4679.6;4679.6) (30.5986;30.5986) (0.1;0.1)
(4694.9;4694.9) (30.6486;30.6486) (0.1;0.1)
(4710.24;4710.24) (30.6986;30.6986) (0.1;0.1)
(4725.6;4725.6) (30.7486;30.7486) (0.1;0.1)
(4740.98;4740.98) (30.7986;30.7986) (0.1;0.1)
(4756.39;4756.39) (30.8486;30.8486) (0.1;0.1)
(4771.83;4771.83) (30.8986;30.8986) (0.1;0.1)
(4787.29;4787.29) (30.9486;30.9486) (0.1;0.1)
(4802.77;4802.77) (30.9986;30.9986) (0.1;0.1)
(4818.28;4818.28) (31.0486;31.0486) (0.1;0.1)
(4833.81;4833.81) (31.0986;31.0986) (0.1;0.1)
(4849.37;4849.37) (31.1486;31.1486) (0.1;0.1)
(4864.96;4864.96) (31.1986;31.1986) (0.1;0.1)
(4880.57;4880.57) (31.2486;31.2486) (0.1;0.1)
(4896.2;4896.2) (31.2986;31.2986) (0.1;0.1)
(4911.86;4911.86) (31.3486;31.3486) (0.1;0.1)
(4927.54;4927.54) (31.3986;31.3986) (0.1;0.1)
(4943.25;4943.25) (31.4486;31.4486) (0.1;0.1)
(4958.99;4958.99) (31.4986;31.4986) (0.1;0.1)
(4974.75;4974.75) (31.5486;31.5486) (0.1;0.1)
(4990.53;4990.53) (31.5986;31.5986) (0.1;0.1)
(5006.34;5006.34) (31.6486;31.6486) (0.1;0.1)
(5022.18;5022.18) (31.6986;31.6986) (0.1;0.1)
(5038.03;5038.03) (31.7486;31.7486) (0.1;0.1)
(5053.92;5053.92) (31.7986;31.7986) (0.1;0.1)
(5069.83;5069.83) (31.8486;31.8486) (0.1;0.1)
(5085.76;5085.76) (31.8986;31.8986) (0.1;0.1)
(5101.72;5101.72) (31.9486;31.9486) (0.1;0.1)
(5117.71;5117.71) (31.9986;31.9986) (0.1;0.1)
(5133.72;5133.72) (32.0486;32.0486) (0.1;0.1)
(5149.75;5149.75) (32.0986;32.0986) (0.1;0.1)
(5165.81;5165.81) (32.1486;32.1486) (0.1;0.1)
(5181.89;5181.89) (32.1986;32.1986) (0.1;0.1)
(5198;5198) (32.2486;32.2486) (0.1;0.1)
(5214.14;5214.14) (32.2986;32.2986) (0.1;0.1)
(5230.3;5230.3) (32.3486;32.3486) (0.1;0.1)
(5246.48;5246.48) (32.3986;32.3986) (0.1;0.1)
(5262.69;5262.69) (32.4486;32.4486) (0.1;0.1)
(5278.92;5278.92) (32.4986;32.4986) (0.1;0.1)
(5295.18;5295.18) (32.5486;32.5486) (0.1;0.1)
(5311.47;5311.47) (32.5986;32.5986) (0.1;0.1)
(5327.78;5327.78) (32.6486;32.6486) (0.1;0.1)
(5344.11;5344.11) (32.6986;32.6986) (0.1;0.1)
(5360.47;5360.47) (32.7486;32.7486) (0.1;0.1)
(5376.85;5376.85) (32.7986;32.7986) (0.1;0.1)
(5393.26;5393.26) (32.8486;32.8486) (0.1;0.1)
(5409.7;5409.7) (32.8986;32.8986) (0.1;0.1)
(5426.16;5426.16) (32.9486;32.9486) (0.1;0.1)
(5442.64;5442.64) (32.9986;32.9986) (0.1;0.1)
(5459.15;5459.15) (33.0486;33.0486) (0.1;0.1)
(5475.69;5475.69) (33.0986;33.0986) (0.1;0.1)
(5492.24;5492.24) (33.1486;33.1486) (0.1;0.1)
(5508.83;5508.83) (33.1986;33.1986) (0.1;0.1)
(5525.44;5525.44) (33.2486;33.2486) (0.1;0.1)
(5542.07;5542.07) (33.2986;33.2986) (0.1;0.1)
(5558.73;5558.73) (33.3486;33.3486) (0.1;0.1)
(5575.42;5575.42) (33.3986;33.3986) (0.1;0.1)
(5592.13;5592.13) (33.4486;33.4486) (0.1;0.1)
(5608.86;5608.86) (33.4986;33.4986) (0.1;0.1)
(5625.62;5625.62) (33.5486;33.5486) (0.1;0.1)
(5642.4;5642.4) (33.5986;33.5986) (0.1;0.1)
(5659.21;5659.21) (33.6486;33.6486) (0.1;0.1)
(5676.05;5676.05) (33.6986;33.6986) (0.1;0.1)
(5692.91;5692.91) (33.7486;33.7486) (0.1;0.1)
(5709.79;5709.79) (33.7986;33.7986) (0.1;0.1)
(5726.7;5726.7) (33.8486;33.8486) (0.1;0.1)
(5743.63;5743.63) (33.8986;33.8986) (0.1;0.1)
(5760.59;5760.59) (33.9486;33.9486) (0.1;0.1)
(5777.58;5777.58) (33.9986;33.9986) (0.1;0.1)
(5794.59;5794.59) (34.0486;34.0486) (0.1;0.1)
(5811.62;5811.62) (34.0986;34.0986) (0.1;0.1)
(5828.68;5828.68) (34.1486;34.1486) (0.1;0.1)
(5845.77;5845.77) (34.1986;34.1986) (0.1;0.1)
(5862.87;5862.87) (34.2486;34.2486) (0.1;0.1)
(5880.01;5880.01) (34.2986;34.2986) (0.1;0.1)
(5897.17;5897.17) (34.3486;34.3486) (0.1;0.1)
(5914.35;5914.35) (34.3986;34.3986) (0.1;0.1)
(5931.56;5931.56) (34.4486;34.4486) (0.1;0.1)
(5948.8;5948.8) (34.4986;34.4986) (0.1;0.1)
(5966.06;5966.06) (34.5486;34.5486) (0.1;0.1)
(5983.34;5983.34) (34.5986;34.5986) (0.1;0.1)
(6000.65;6000.65) (34.6486;34.6486) (0.1;0.1)
(6017.98;6017.98) (34.6986;34.6986) (0.1;0.1)
(6035.34;6035.34) (34.7486;34.7486) (0.1;0.1)
(6052.73;6052.73) (34.7986;34.7986) (0.1;0.1)
(6070.14;6070.14) (34.8486;34.8486) (0.1;0.1)
(6087.57;6087.57) (34.8986;34.8986) (0.1;0.1)
(6105.03;6105.03) (34.9486;34.9486) (0.1;0.1)
(6122.51;6122.51) (34.9986;34.9986) (0.1;0.1)
(6140.02;6140.02) (35.0486;35.0486) (0.1;0.1)
(6157.56;6157.56) (35.0986;35.0986) (0.1;0.1)
(6175.12;6175.12) (35.1486;35.1486) (0.1;0.1)
(6192.7;6192.7) (35.1986;35.1986) (0.1;0.1)
(6210.31;6210.31) (35.2486;35.2486) (0.1;0.1)
(6227.94;6227.94) (35.2986;35.2986) (0.1;0.1)
(6245.6;6245.6) (35.3486;35.3486) (0.1;0.1)
(6263.29;6263.29) (35.3986;35.3986) (0.1;0.1)
(6281;6281) (35.4486;35.4486) (0.1;0.1)
(6298.73;6298.73) (35.4986;35.4986) (0.1;0.1)
(6316.49;6316.49) (35.5486;35.5486) (0.1;0.1)
(6334.28;6334.28) (35.5986;35.5986) (0.1;0.1)
(6352.08;6352.08) (35.6486;35.6486) (0.1;0.1)
(6369.92;6369.92) (35.6986;35.6986) (0.1;0.1)
(6387.78;6387.78) (35.7486;35.7486) (0.1;0.1)
(6405.66;6405.66) (35.7986;35.7986) (0.1;0.1)
(6423.57;6423.57) (35.8486;35.8486) (0.1;0.1)
(6441.51;6441.51) (35.8986;35.8986) (0.1;0.1)
(6459.47;6459.47) (35.9486;35.9486) (0.1;0.1)
(6477.45;6477.45) (35.9986;35.9986) (0.1;0.1)
(6495.46;6495.46) (36.0486;36.0486) (0.1;0.1)
(6513.49;6513.49) (36.0986;36.0986) (0.1;0.1)
(6531.55;6531.55) (36.1486;36.1486) (0.1;0.1)
(6549.64;6549.64) (36.1986;36.1986) (0.1;0.1)
(6567.75;6567.75) (36.2486;36.2486) (0.1;0.1)
(6585.88;6585.88) (36.2986;36.2986) (0.1;0.1)
(6604.04;6604.04) (36.3486;36.3486) (0.1;0.1)
(6622.22;6622.22) (36.3986;36.3986) (0.1;0.1)
(6640.43;6640.43) (36.4486;36.4486) (0.1;0.1)
(6658.67;6658.67) (36.4986;36.4986) (0.1;0.1)
(6676.93;6676.93) (36.5486;36.5486) (0.1;0.1)
(6695.21;6695.21) (36.5986;36.5986) (0.1;0.1)
(6713.52;6713.52) (36.6486;36.6486) (0.1;0.1)
(6731.86;6731.86) (36.6986;36.6986) (0.1;0.1)
(6750.21;6750.21) (36.7486;36.7486) (0.1;0.1)
(6768.6;6768.6) (36.7986;36.7986) (0.1;0.1)
(6787.01;6787.01) (36.8486;36.8486) (0.1;0.1)
(6805.44;6805.44) (36.8986;36.8986) (0.1;0.1)
(6823.9;6823.9) (36.9486;36.9486) (0.1;0.1)
(6842.39;6842.39) (36.9986;36.9986) (0.1;0.1)
(6860.9;6860.9) (37.0486;37.0486) (0.1;0.1)
(6879.43;6879.43) (37.0986;37.0986) (0.1;0.1)
(6897.99;6897.99) (37.1486;37.1486) (0.1;0.1)
(6916.57;6916.57) (37.1986;37.1986) (0.1;0.1)
(6935.18;6935.18) (37.2486;37.2486) (0.1;0.1)
(6953.82;6953.82) (37.2986;37.2986) (0.1;0.1)
(6972.48;6972.48) (37.3486;37.3486) (0.1;0.1)
(6991.16;6991.16) (37.3986;37.3986) (0.1;0.1)
(7009.87;7009.87) (37.4486;37.4486) (0.1;0.1)
(7028.6;7028.6) (37.4986;37.4986) (0.1;0.1)
(7047.36;7047.36) (37.5486;37.5486) (0.1;0.1)
(7066.15;7066.15) (37.5986;37.5986) (0.1;0.1)
(7084.96;7084.96) (37.6486;37.6486) (0.1;0.1)
(7103.79;7103.79) (37.6986;37.6986) (0.1;0.1)
(7122.65;7122.65) (37.7486;37.7486) (0.1;0.1)
(7141.53;7141.53) (37.7986;37.7986) (0.1;0.1)
(7160.44;7160.44) (37.8486;37.8486) (0.1;0.1)
(7179.38;7179.38) (37.8986;37.8986) (0.1;0.1)
(7198.34;7198.34) (37.9486;37.9486) (0.1;0.1)
(7217.32;7217.32) (37.9986;37.9986) (0.1;0.1)
(7236.33;7236.33) (38.0486;38.0486) (0.1;0.1)
(7255.37;7255.37) (38.0986;38.0986) (0.1;0.1)
(7274.42;7274.42) (38.1486;38.1486) (0.1;0.1)
(7293.51;7293.51) (38.1986;38.1986) (0.1;0.1)
(7312.62;7312.62) (38.2486;38.2486) (0.1;0.1)
(7331.75;7331.75) (38.2986;38.2986) (0.1;0.1)
(7350.91;7350.91) (38.3486;38.3486) (0.1;0.1)
(7370.1;7370.1) (38.3986;38.3986) (0.1;0.1)
(7389.31;7389.31) (38.4486;38.4486) (0.1;0.1)
(7408.54;7408.54) (38.4986;38.4986) (0.1;0.1)
(7427.8;7427.8) (38.5486;38.5486) (0.1;0.1)
(7447.08;7447.08) (38.5986;38.5986) (0.1;0.1)
(7466.39;7466.39) (38.6486;38.6486) (0.1;0.1)
(7485.73;7485.73) (38.6986;38.6986) (0.1;0.1)
(7505.09;7505.09) (38.7486;38.7486) (0.1;0.1)
(7524.47;7524.47) (38.7986;38.7986) (0.1;0.1)
(7543.88;7543.88) (38.8486;38.8486) (0.1;0.1)
(7563.31;7563.31) (38.8986;38.8986) (0.1;0.1)
(7582.77;7582.77) (38.9486;38.9486) (0.1;0.1)
(7602.26;7602.26) (38.9986;38.9986) (0.1;0.1)
(7621.77;7621.77) (39.0486;39.0486) (0.1;0.1)
(7641.3;7641.3) (39.0986;39.0986) (0.1;0.1)
(7660.86;7660.86) (39.1486;39.1486) (0.1;0.1)
(7680.45;7680.45) (39.1986;39.1986) (0.1;0.1)
(7700.05;7700.05) (39.2486;39.2486) (0.1;0.1)
(7719.69;7719.69) (39.2986;39.2986) (0.1;0.1)
(7739.35;7739.35) (39.3486;39.3486) (0.1;0.1)
(7759.03;7759.03) (39.3986;39.3986) (0.1;0.1)
(7778.74;7778.74) (39.4486;39.4486) (0.1;0.1)
(7798.48;7798.48) (39.4986;39.4986) (0.1;0.1)
(7818.24;7818.24) (39.5486;39.5486) (0.1;0.1)
(7838.02;7838.02) (39.5986;39.5986) (0.1;0.1)
(7857.83;7857.83) (39.6486;39.6486) (0.1;0.1)
(7877.66;7877.66) (39.6986;39.6986) (0.1;0.1)
(7897.52;7897.52) (39.7486;39.7486) (0.1;0.1)
(7917.41;7917.41) (39.7986;39.7986) (0.1;0.1)
(7937.32;7937.32) (39.8486;39.8486) (0.1;0.1)
(7957.25;7957.25) (39.8986;39.8986) (0.1;0.1)
(7977.21;7977.21) (39.9486;39.9486) (0.1;0.1)
(7997.19;7997.19) (39.9986;39.9986) (0.1;0.1)
(8017.2;8017.2) (40.0486;40.0486) (0.1;0.1)
(8037.24;8037.24) (40.0986;40.0986) (0.1;0.1)
(8057.3;8057.3) (40.1486;40.1486) (0.1;0.1)
(8077.38;8077.38) (40.1986;40.1986) (0.1;0.1)
(8097.49;8097.49) (40.2486;40.2486) (0.1;0.1)
(8117.62;8117.62) (40.2986;40.2986) (0.1;0.1)
(8137.78;8137.78) (40.3486;40.3486) (0.1;0.1)
(8157.97;8157.97) (40.3986;40.3986) (0.1;0.1)
(8178.18;8178.18) (40.4486;40.4486) (0.1;0.1)
(8198.41;8198.41) (40.4986;40.4986) (0.1;0.1)
(8218.67;8218.67) (40.5486;40.5486) (0.1;0.1)
(8238.96;8238.96) (40.5986;40.5986) (0.1;0.1)
(8259.26;8259.26) (40.6486;40.6486) (0.1;0.1)
(8279.6;8279.6) (40.6986;40.6986) (0.1;0.1)
(8299.96;8299.96) (40.7486;40.7486) (0.1;0.1)
(8320.34;8320.34) (40.7986;40.7986) (0.1;0.1)
(8340.75;8340.75) (40.8486;40.8486) (0.1;0.1)
(8361.19;8361.19) (40.8986;40.8986) (0.1;0.1)
(8381.65;8381.65) (40.9486;40.9486) (0.1;0.1)
(8402.13;8402.13) (40.9986;40.9986) (0.1;0.1)
(8422.64;8422.64) (41.0486;41.0486) (0.1;0.1)
(8443.17;8443.17) (41.0986;41.0986) (0.1;0.1)
(8463.73;8463.73) (41.1486;41.1486) (0.1;0.1)
(8484.32;8484.32) (41.1986;41.1986) (0.1;0.1)
(8504.93;8504.93) (41.2486;41.2486) (0.1;0.1)
(8525.56;8525.56) (41.2986;41.2986) (0.1;0.1)
(8546.22;8546.22) (41.3486;41.3486) (0.1;0.1)
(8566.9;8566.9) (41.3986;41.3986) (0.1;0.1)
(8587.61;8587.61) (41.4486;41.4486) (0.1;0.1)
(8608.35;8608.35) (41.4986;41.4986) (0.1;0.1)
(8629.11;8629.11) (41.5486;41.5486) (0.1;0.1)
(8649.89;8649.89) (41.5986;41.5986) (0.1;0.1)
(8670.7;8670.7) (41.6486;41.6486) (0.1;0.1)
(8691.53;8691.53) (41.6986;41.6986) (0.1;0.1)
(8712.39;8712.39) (41.7486;41.7486) (0.1;0.1)
(8733.28;8733.28) (41.7986;41.7986) (0.1;0.1)
(8754.19;8754.19) (41.8486;41.8486) (0.1;0.1)
(8775.12;8775.12) (41.8986;41.8986) (0.1;0.1)
(8796.08;8796.08) (41.9486;41.9486) (0.1;0.1)
(8817.07;8817.07) (41.9986;41.9986) (0.1;0.1)
(8838.08;8838.08) (42.0486;42.0486) (0.1;0.1)
(8859.11;8859.11) (42.0986;42.0986) (0.1;0.1)
(8880.17;8880.17) (42.1486;42.1486) (0.1;0.1)
(8901.25;8901.25) (42.1986;42.1986) (0.1;0.1)
(8922.36;8922.36) (42.2486;42.2486) (0.1;0.1)
(8943.5;8943.5) (42.2986;42.2986) (0.1;0.1)
(8964.66;8964.66) (42.3486;42.3486) (0.1;0.1)
(8985.84;8985.84) (42.3986;42.3986) (0.1;0.1)
(9007.05;9007.05) (42.4486;42.4486) (0.1;0.1)
(9028.28;9028.28) (42.4986;42.4986) (0.1;0.1)
(9049.54;9049.54) (42.5486;42.5486) (0.1;0.1)
(9070.83;9070.83) (42.5986;42.5986) (0.1;0.1)
(9092.14;9092.14) (42.6486;42.6486) (0.1;0.1)
(9113.47;9113.47) (42.6986;42.6986) (0.1;0.1)
(9134.83;9134.83) (42.7486;42.7486) (0.1;0.1)
(9156.21;9156.21) (42.7986;42.7986) (0.1;0.1)
(9177.62;9177.62) (42.8486;42.8486) (0.1;0.1)
(9199.06;9199.06) (42.8986;42.8986) (0.1;0.1)
(9220.52;9220.52) (42.9486;42.9486) (0.1;0.1)
(9242;9242) (42.9986;42.9986) (0.1;0.1)
(9263.51;9263.51) (43.0486;43.0486) (0.1;0.1)
(9285.05;9285.05) (43.0986;43.0986) (0.1;0.1)
(9306.6;9306.6) (43.1486;43.1486) (0.1;0.1)
(9328.19;9328.19) (43.1986;43.1986) (0.1;0.1)
(9349.8;9349.8) (43.2486;43.2486) (0.1;0.1)
(9371.43;9371.43) (43.2986;43.2986) (0.1;0.1)
(9393.09;9393.09) (43.3486;43.3486) (0.1;0.1)
(9414.78;9414.78) (43.3986;43.3986) (0.1;0.1)
(9436.49;9436.49) (43.4486;43.4486) (0.1;0.1)
(9458.22;9458.22) (43.4986;43.4986) (0.1;0.1)
(9479.98;9479.98) (43.5486;43.5486) (0.1;0.1)
(9501.76;9501.76) (43.5986;43.5986) (0.1;0.1)
(9523.57;9523.57) (43.6486;43.6486) (0.1;0.1)
(9545.41;9545.41) (43.6986;43.6986) (0.1;0.1)
(9567.27;9567.27) (43.7486;43.7486) (0.1;0.1)
(9589.15;9589.15) (43.7986;43.7986) (0.1;0.1)
(9611.06;9611.06) (43.8486;43.8486) (0.1;0.1)
(9632.99;9632.99) (43.8986;43.8986) (0.1;0.1)
(9654.95;9654.95) (43.9486;43.9486) (0.1;0.1)
(9676.94;9676.94) (43.9986;43.9986) (0.1;0.1)
(9698.95;9698.95) (44.0486;44.0486) (0.1;0.1)
(9720.98;9720.98) (44.0986;44.0986) (0.1;0.1)
(9743.04;9743.04) (44.1486;44.1486) (0.1;0.1)
(9765.12;9765.12) (44.1986;44.1986) (0.1;0.1)
(9787.23;9787.23) (44.2486;44.2486) (0.1;0.1)
(9809.37;9809.37) (44.2986;44.2986) (0.1;0.1)
(9831.53;9831.53) (44.3486;44.3486) (0.1;0.1)
(9853.71;9853.71) (44.3986;44.3986) (0.1;0.1)
(9875.92;9875.92) (44.4486;44.4486) (0.1;0.1)
(9898.16;9898.16) (44.4986;44.4986) (0.1;0.1)
(9920.41;9920.41) (44.5486;44.5486) (0.1;0.1)
(9942.7;9942.7) (44.5986;44.5986) (0.1;0.1)
(9965.01;9965.01) (44.6486;44.6486) (0.1;0.1)
(9987.34;9987.34) (44.6986;44.6986) (0.1;0.1)
(10009.7;10009.7) (44.7486;44.7486) (0.1;0.1)
(10032.1;10032.1) (44.7986;44.7986) (0.1;0.1)
(10054.5;10054.5) (44.8486;44.8486) (0.1;0.1)
(10076.9;10076.9) (44.8986;44.8986) (0.1;0.1)
(10099.4;10099.4) (44.9486;44.9486) (0.1;0.1)
(10121.9;10121.9) (44.9986;44.9986) (0.1;0.1)
(10144.4;10144.4) (45.0486;45.0486) (0.1;0.1)
(10166.9;10166.9) (45.0986;45.0986) (0.1;0.1)
(10189.5;10189.5) (45.1486;45.1486) (0.1;0.1)
(10212.1;10212.1) (45.1986;45.1986) (0.1;0.1)
(10234.7;10234.7) (45.2486;45.2486) (0.1;0.1)
(10257.3;10257.3) (45.2986;45.2986) (0.1;0.1)
(10280;10280) (45.3486;45.3486) (0.1;0.1)
(10302.6;10302.6) (45.3986;45.3986) (0.1;0.1)
(10325.4;10325.4) (45.4486;45.4486) (0.1;0.1)
(10348.1;10348.1) (45.4986;45.4986) (0.1;0.1)
(10370.9;10370.9) (45.5486;45.5486) (0.1;0.1)
(10393.6;10393.6) (45.5986;45.5986) (0.1;0.1)
(10416.4;10416.4) (45.6486;45.6486) (0.1;0.1)
(10439.3;10439.3) (45.6986;45.6986) (0.1;0.1)
(10462.1;10462.1) (45.7486;45.7486) (0.1;0.1)
(10485;10485) (45.7986;45.7986) (0.1;0.1)
(10507.9;10507.9) (45.8486;45.8486) (0.1;0.1)
(10530.9;10530.9) (45.8986;45.8986) (0.1;0.1)
(10553.8;10553.8) (45.9486;45.9486) (0.1;0.1)
(10576.8;10576.8) (45.9986;45.9986) (0.1;0.1)
(10599.8;10599.8) (46.0486;46.0486) (0.1;0.1)
(10622.9;10622.9) (46.0986;46.0986) (0.1;0.1)
(10645.9;10645.9) (46.1486;46.1486) (0.1;0.1)
(10669;10669) (46.1986;46.1986) (0.1;0.1)
(10692.1;10692.1) (46.2486;46.2486) (0.1;0.1)
(10715.2;10715.2) (46.2986;46.2986) (0.1;0.1)
(10738.4;10738.4) (46.3486;46.3486) (0.1;0.1)
(10761.6;10761.6) (46.3986;46.3986) (0.1;0.1)
(10784.8;10784.8) (46.4486;46.4486) (0.1;0.1)
(10808;10808) (46.4986;46.4986) (0.1;0.1)
(10831.3;10831.3) (46.5486;46.5486) (0.1;0.1)
(10854.6;10854.6) (46.5986;46.5986) (0.1;0.1)
(10877.9;10877.9) (46.6486;46.6486) (0.1;0.1)
(10901.2;10901.2) (46.6986;46.6986) (0.1;0.1)
(10924.6;10924.6) (46.7486;46.7486) (0.1;0.1)
(10948;10948) (46.7986;46.7986) (0.1;0.1)
(10971.4;10971.4) (46.8486;46.8486) (0.1;0.1)
(10994.8;10994.8) (46.8986;46.8986) (0.1;0.1)
(11018.3;11018.3) (46.9486;46.9486) (0.1;0.1)
(11041.7;11041.7) (46.9986;46.9986) (0.1;0.1)
(11065.3;11065.3) (47.0486;47.0486) (0.1;0.1)
(11088.8;11088.8) (47.0986;47.0986) (0.1;0.1)
(11112.3;11112.3) (47.1486;47.1486) (0.1;0.1)
(11135.9;11135.9) (47.1986;47.1986) (0.1;0.1)
(11159.5;11159.5) (47.2486;47.2486) (0.1;0.1)
(11183.2;11183.2) (47.2986;47.2986) (0.1;0.1)
(11206.8;11206.8) (47.3486;47.3486) (0.1;0.1)
(11230.5;11230.5) (47.3986;47.3986) (0.1;0.1)
(11254.2;11254.2) (47.4486;47.4486) (0.1;0.1)
(11278;11278) (47.4986;47.4986) (0.1;0.1)
(11301.7;11301.7) (47.5486;47.5486) (0.1;0.1)
(11325.5;11325.5) (47.5986;47.5986) (0.1;0.1)
(11349.3;11349.3) (47.6486;47.6486) (0.1;0.1)
(11373.2;11373.2) (47.6986;47.6986) (0.1;0.1)
(11397;11397) (47.7486;47.7486) (0.1;0.1)
(11420.9;11420.9) (47.7986;47.7986) (0.1;0.1)
(11444.8;11444.8) (47.8486;47.8486) (0.1;0.1)
(11468.7;11468.7) (47.8986;47.8986) (0.1;0.1)
(11492.7;11492.7) (47.9486;47.9486) (0.1;0.1)
(11516.7;11516.7) (47.9986;47.9986) (0.1;0.1)
(11540.7;11540.7) (48.0486;48.0486) (0.1;0.1)
(11564.7;11564.7) (48.0986;48.0986) (0.1;0.1)
(11588.8;11588.8) (48.1486;48.1486) (0.1;0.1)
(11612.9;11612.9) (48.1986;48.1986) (0.1;0.1)
(11637;11637) (48.2486;48.2486) (0.1;0.1)
(11661.1;11661.1) (48.2986;48.2986) (0.1;0.1)
(11685.3;11685.3) (48.3486;48.3486) (0.1;0.1)
(11709.5;11709.5) (48.3986;48.3986) (0.1;0.1)
(11733.7;11733.7) (48.4486;48.4486) (0.1;0.1)
(11757.9;11757.9) (48.4986;48.4986) (0.1;0.1)
(11782.2;11782.2) (48.5486;48.5486) (0.1;0.1)
(11806.4;11806.4) (48.5986;48.5986) (0.1;0.1)
(11830.8;11830.8) (48.6486;48.6486) (0.1;0.1)
(11855.1;11855.1) (48.6986;48.6986) (0.1;0.1)
(11879.4;11879.4) (48.7486;48.7486) (0.1;0.1)
(11903.8;11903.8) (48.7986;48.7986) (0.1;0.1)
(11928.2;11928.2) (48.8486;48.8486) (0.1;0.1)
(11952.7;11952.7) (48.8986;48.8986) (0.1;0.1)
(11977.1;11977.1) (48.9486;48.9486) (0.1;0.1)
(12001.6;12001.6) (48.9986;48.9986) (0.1;0.1)
(12026.1;12026.1) (49.0486;49.0486) (0.1;0.1)
(12050.7;12050.7) (49.0986;49.0986) (0.1;0.1)
(12075.2;12075.2) (49.1486;49.1486) (0.1;0.1)
(12099.8;12099.8) (49.1986;49.1986) (0.1;0.1)
(12124.4;12124.4) (49.2486;49.2486) (0.1;0.1)
(12149;12149) (49.2986;49.2986) (0.1;0.1)
(12173.7;12173.7) (49.3486;49.3486) (0.1;0.1)
(12198.4;12198.4) (49.3986;49.3986) (0.1;0.1)
(12223.1;12223.1) (49.4486;49.4486) (0.1;0.1)
(12247.8;12247.8) (49.4986;49.4986) (0.1;0.1)
(12272.6;12272.6) (49.5486;49.5486) (0.1;0.1)
(12297.4;12297.4) (49.5986;49.5986) (0.1;0.1)
(12322.2;12322.2) (49.6486;49.6486) (0.1;0.1)
(12347;12347) (49.6986;49.6986) (0.1;0.1)
(12371.9;12371.9) (49.7486;49.7486) (0.1;0.1)
(12396.8;12396.8) (49.7986;49.7986) (0.1;0.1)
(12421.7;12421.7) (49.8486;49.8486) (0.1;0.1)
(12446.6;12446.6) (49.8986;49.8986) (0.1;0.1)
(12471.6;12471.6) (49.9486;49.9486) (0.1;0.1)
(12496.6;12496.6) (49.9986;49.9986) (0.1;0.1)
(12521.6;12521.6) (50.0486;50.0486) (0.1;0.1)
(12546.6;12546.6) (50.0986;50.0986) (0.1;0.1)
(12571.7;12571.7) (50.1486;50.1486) (0.1;0.1)
(12596.7;12596.7) (50.1986;50.1986) (0.1;0.1)
(12621.8;12621.8) (50.2486;50.2486) (0.1;0.1)
(12647;12647) (50.2986;50.2986) (0.1;0.1)
(12672.1;12672.1) (50.3486;50.3486) (0.1;0.1)
(12697.3;12697.3) (50.3986;50.3986) (0.1;0.1)
(12722.5;12722.5) (50.4486;50.4486) (0.1;0.1)
(12747.8;12747.8) (50.4986;50.4986) (0.1;0.1)
(12773;12773) (50.5486;50.5486) (0.1;0.1)
(12798.3;12798.3) (50.5986;50.5986) (0.1;0.1)
(12823.6;12823.6) (50.6486;50.6486) (0.1;0.1)
(12849;12849) (50.6986;50.6986) (0.1;0.1)
(12874.3;12874.3) (50.7486;50.7486) (0.1;0.1)
(12899.7;12899.7) (50.7986;50.7986) (0.1;0.1)
(12925.1;12925.1) (50.8486;50.8486) (0.1;0.1)
(12950.5;12950.5) (50.8986;50.8986) (0.1;0.1)
(12976;12976) (50.9486;50.9486) (0.1;0.1)
(13001.5;13001.5) (50.9986;50.9986) (0.1;0.1)
(13027;13027) (51.0486;51.0486) (0.1;0.1)
(13052.5;13052.5) (51.0986;51.0986) (0.1;0.1)
(13078.1;13078.1) (51.1486;51.1486) (0.1;0.1)
(13103.7;13103.7) (51.1986;51.1986) (0.1;0.1)
(13129.3;13129.3) (51.2486;51.2486) (0.1;0.1)
(13154.9;13154.9) (51.2986;51.2986) (0.1;0.1)
(13180.6;13180.6) (51.3486;51.3486) (0.1;0.1)
(13206.3;13206.3) (51.3986;51.3986) (0.1;0.1)
(13232;13232) (51.4486;51.4486) (0.1;0.1)
(13257.7;13257.7) (51.4986;51.4986) (0.1;0.1)
(13283.5;13283.5) (51.5486;51.5486) (0.1;0.1)
(13309.3;13309.3) (51.5986;51.5986) (0.1;0.1)
(13335.1;13335.1) (51.6486;51.6486) (0.1;0.1)
(13360.9;13360.9) (51.6986;51.6986) (0.1;0.1)
(13386.8;13386.8) (51.7486;51.7486) (0.1;0.1)
(13412.6;13412.6) (51.7986;51.7986) (0.1;0.1)
(13438.5;13438.5) (51.8486;51.8486) (0.1;0.1)
(13464.5;13464.5) (51.8986;51.8986) (0.1;0.1)
(13490.4;13490.4) (51.9486;51.9486) (0.1;0.1)
(13516.4;13516.4) (51.9986;51.9986) (0.1;0.1)
(13542.4;13542.4) (52.0486;52.0486) (0.1;0.1)
(13568.5;13568.5) (52.0986;52.0986) (0.1;0.1)
(13594.5;13594.5) (52.1486;52.1486) (0.1;0.1)
(13620.6;13620.6) (52.1986;52.1986) (0.1;0.1)
(13646.7;13646.7) (52.2486;52.2486) (0.1;0.1)
(13672.9;13672.9) (52.2986;52.2986) (0.1;0.1)
(13699;13699) (52.3486;52.3486) (0.1;0.1)
(13725.2;13725.2) (52.3986;52.3986) (0.1;0.1)
(13751.4;13751.4) (52.4486;52.4486) (0.1;0.1)
(13777.6;13777.6) (52.4986;52.4986) (0.1;0.1)
(13803.9;13803.9) (52.5486;52.5486) (0.1;0.1)
(13830.2;13830.2) (52.5986;52.5986) (0.1;0.1)
(13856.5;13856.5) (52.6486;52.6486) (0.1;0.1)
(13882.8;13882.8) (52.6986;52.6986) (0.1;0.1)
(13909.2;13909.2) (52.7486;52.7486) (0.1;0.1)
(13935.6;13935.6) (52.7986;52.7986) (0.1;0.1)
(13962;13962) (52.8486;52.8486) (0.1;0.1)
(13988.4;13988.4) (52.8986;52.8986) (0.1;0.1)
(14014.9;14014.9) (52.9486;52.9486) (0.1;0.1)
(14041.4;14041.4) (52.9986;52.9986) (0.1;0.1)
(14067.9;14067.9) (53.0486;53.0486) (0.1;0.1)
(14094.4;14094.4) (53.0986;53.0986) (0.1;0.1)
(14121;14121) (53.1486;53.1486) (0.1;0.1)
(14147.5;14147.5) (53.1986;53.1986) (0.1;0.1)
(14174.2;14174.2) (53.2486;53.2486) (0.1;0.1)
(14200.8;14200.8) (53.2986;53.2986) (0.1;0.1)
(14227.5;14227.5) (53.3486;53.3486) (0.1;0.1)
(14254.1;14254.1) (53.3986;53.3986) (0.1;0.1)
(14280.8;14280.8) (53.4486;53.4486) (0.1;0.1)
(14307.6;14307.6) (53.4986;53.4986) (0.1;0.1)
(14334.3;14334.3) (53.5486;53.5486) (0.1;0.1)
(14361.1;14361.1) (53.5986;53.5986) (0.1;0.1)
(14387.9;14387.9) (53.6486;53.6486) (0.1;0.1)
(14414.8;14414.8) (53.6986;53.6986) (0.1;0.1)
(14441.6;14441.6) (53.7486;53.7486) (0.1;0.1)
(14468.5;14468.5) (53.7986;53.7986) (0.1;0.1)
(14495.4;14495.4) (53.8486;53.8486) (0.1;0.1)
(14522.4;14522.4) (53.8986;53.8986) (0.1;0.1)
(14549.3;14549.3) (53.9486;53.9486) (0.1;0.1)
(14576.3;14576.3) (53.9986;53.9986) (0.1;0.1)
(14603.3;14603.3) (54.0486;54.0486) (0.1;0.1)
(14630.3;14630.3) (54.0986;54.0986) (0.1;0.1)
(14657.4;14657.4) (54.1486;54.1486) (0.1;0.1)
(14684.5;14684.5) (54.1986;54.1986) (0.1;0.1)
(14711.6;14711.6) (54.2486;54.2486) (0.1;0.1)
(14738.7;14738.7) (54.2986;54.2986) (0.1;0.1)
(14765.9;14765.9) (54.3486;54.3486) (0.1;0.1)
(14793.1;14793.1) (54.3986;54.3986) (0.1;0.1)
(14820.3;14820.3) (54.4486;54.4486) (0.1;0.1)
(14847.5;14847.5) (54.4986;54.4986) (0.1;0.1)
(14874.8;14874.8) (54.5486;54.5486) (0.1;0.1)
(14902.1;14902.1) (54.5986;54.5986) (0.1;0.1)
(14929.4;14929.4) (54.6486;54.6486) (0.1;0.1)
(14956.7;14956.7) (54.6986;54.6986) (0.1;0.1)
(14984.1;14984.1) (54.7486;54.7486) (0.1;0.1)
(15011.4;15011.4) (54.7986;54.7986) (0.1;0.1)
(15038.9;15038.9) (54.8486;54.8486) (0.1;0.1)
(15066.3;15066.3) (54.8986;54.8986) (0.1;0.1)
(15093.7;15093.7) (54.9486;54.9486) (0.1;0.1)
(15121.2;15121.2) (54.9986;54.9986) (0.1;0.1)
(15148.7;15148.7) (55.0486;55.0486) (0.1;0.1)
(15176.3;15176.3) (55.0986;55.0986) (0.1;0.1)
(15203.8;15203.8) (55.1486;55.1486) (0.1;0.1)
(15231.4;15231.4) (55.1986;55.1986) (0.1;0.1)
(15259;15259) (55.2486;55.2486) (0.1;0.1)
(15286.7;15286.7) (55.2986;55.2986) (0.1;0.1)
(15314.3;15314.3) (55.3486;55.3486) (0.1;0.1)
(15342;15342) (55.3986;55.3986) (0.1;0.1)
(15369.7;15369.7) (55.4486;55.4486) (0.1;0.1)
(15397.5;15397.5) (55.4986;55.4986) (0.1;0.1)
(15425.2;15425.2) (55.5486;55.5486) (0.1;0.1)
(15453;15453) (55.5986;55.5986) (0.1;0.1)
(15480.8;15480.8) (55.6486;55.6486) (0.1;0.1)
(15508.6;15508.6) (55.6986;55.6986) (0.1;0.1)
(15536.5;15536.5) (55.7486;55.7486) (0.1;0.1)
(15564.4;15564.4) (55.7986;55.7986) (0.1;0.1)
(15592.3;15592.3) (55.8486;55.8486) (0.1;0.1)
(15620.2;15620.2) (55.8986;55.8986) (0.1;0.1)
(15648.2;15648.2) (55.9486;55.9486) (0.1;0.1)
(15676.2;15676.2) (55.9986;55.9986) (0.1;0.1)
(15704.2;15704.2) (56.0486;56.0486) (0.1;0.1)
(15732.2;15732.2) (56.0986;56.0986) (0.1;0.1)
(15760.3;15760.3) (56.1486;56.1486) (0.1;0.1)
(15788.4;15788.4) (56.1986;56.1986) (0.1;0.1)
(15816.5;15816.5) (56.2486;56.2486) (0.1;0.1)
(15844.6;15844.6) (56.2986;56.2986) (0.1;0.1)
(15872.8;15872.8) (56.3486;56.3486) (0.1;0.1)
(15900.9;15900.9) (56.3986;56.3986) (0.1;0.1)
(15929.2;15929.2) (56.4486;56.4486) (0.1;0.1)
(15957.4;15957.4) (56.4986;56.4986) (0.1;0.1)
(15985.6;15985.6) (56.5486;56.5486) (0.1;0.1)
(16013.9;16013.9) (56.5986;56.5986) (0.1;0.1)
(16042.2;16042.2) (56.6486;56.6486) (0.1;0.1)
(16070.6;16070.6) (56.6986;56.6986) (0.1;0.1)
(16098.9;16098.9) (56.7486;56.7486) (0.1;0.1)
(16127.3;16127.3) (56.7986;56.7986) (0.1;0.1)
(16155.7;16155.7) (56.8486;56.8486) (0.1;0.1)
(16184.2;16184.2) (56.8986;56.8986) (0.1;0.1)
(16212.6;16212.6) (56.9486;56.9486) (0.1;0.1)
(16241.1;16241.1) (56.9986;56.9986) (0.1;0.1)
(16269.6;16269.6) (57.0486;57.0486) (0.1;0.1)
(16298.1;16298.1) (57.0986;57.0986) (0.1;0.1)
(16326.7;16326.7) (57.1486;57.1486) (0.1;0.1)
(16355.3;16355.3) (57.1986;57.1986) (0.1;0.1)
(16383.9;16383.9) (57.2486;57.2486) (0.1;0.1)
(16412.5;16412.5) (57.2986;57.2986) (0.1;0.1)
(16441.2;16441.2) (57.3486;57.3486) (0.1;0.1)
(16469.9;16469.9) (57.3986;57.3986) (0.1;0.1)
(16498.6;16498.6) (57.4486;57.4486) (0.1;0.1)
(16527.3;16527.3) (57.4986;57.4986) (0.1;0.1)
(16556.1;16556.1) (57.5486;57.5486) (0.1;0.1)
(16584.9;16584.9) (57.5986;57.5986) (0.1;0.1)
(16613.7;16613.7) (57.6486;57.6486) (0.1;0.1)
(16642.5;16642.5) (57.6986;57.6986) (0.1;0.1)
(16671.4;16671.4) (57.7486;57.7486) (0.1;0.1)
(16700.3;16700.3) (57.7986;57.7986) (0.1;0.1)
(16729.2;16729.2) (57.8486;57.8486) (0.1;0.1)
(16758.1;16758.1) (57.8986;57.8986) (0.1;0.1)
(16787.1;16787.1) (57.9486;57.9486) (0.1;0.1)
(16816;16816) (57.9986;57.9986) (0.1;0.1)
(16845.1;16845.1) (58.0486;58.0486) (0.1;0.1)
(16874.1;16874.1) (58.0986;58.0986) (0.1;0.1)
(16903.1;16903.1) (58.1486;58.1486) (0.1;0.1)
(16932.2;16932.2) (58.1986;58.1986) (0.1;0.1)
(16961.3;16961.3) (58.2486;58.2486) (0.1;0.1)
(16990.5;16990.5) (58.2986;58.2986) (0.1;0.1)
(17019.6;17019.6) (58.3486;58.3486) (0.1;0.1)
(17048.8;17048.8) (58.3986;58.3986) (0.1;0.1)
(17078;17078) (58.4486;58.4486) (0.1;0.1)
(17107.3;17107.3) (58.4986;58.4986) (0.1;0.1)
(17136.5;17136.5) (58.5486;58.5486) (0.1;0.1)
(17165.8;17165.8) (58.5986;58.5986) (0.1;0.1)
(17195.1;17195.1) (58.6486;58.6486) (0.1;0.1)
(17224.4;17224.4) (58.6986;58.6986) (0.1;0.1)
(17253.8;17253.8) (58.7486;58.7486) (0.1;0.1)
(17283.2;17283.2) (58.7986;58.7986) (0.1;0.1)
(17312.6;17312.6) (58.8486;58.8486) (0.1;0.1)
(17342;17342) (58.8986;58.8986) (0.1;0.1)
(17371.5;17371.5) (58.9486;58.9486) (0.1;0.1)
(17401;17401) (58.9986;58.9986) (0.1;0.1)
(17430.5;17430.5) (59.0486;59.0486) (0.1;0.1)
(17460;17460) (59.0986;59.0986) (0.1;0.1)
(17489.6;17489.6) (59.1486;59.1486) (0.1;0.1)
(17519.2;17519.2) (59.1986;59.1986) (0.1;0.1)
(17548.8;17548.8) (59.2486;59.2486) (0.1;0.1)
(17578.4;17578.4) (59.2986;59.2986) (0.1;0.1)
(17608.1;17608.1) (59.3486;59.3486) (0.1;0.1)
(17637.8;17637.8) (59.3986;59.3986) (0.1;0.1)
(17667.5;17667.5) (59.4486;59.4486) (0.1;0.1)
(17697.2;17697.2) (59.4986;59.4986) (0.1;0.1)
(17727;17727) (59.5486;59.5486) (0.1;0.1)
(17756.7;17756.7) (59.5986;59.5986) (0.1;0.1)
(17786.5;17786.5) (59.6486;59.6486) (0.1;0.1)
(17816.4;17816.4) (59.6986;59.6986) (0.1;0.1)
(17846.2;17846.2) (59.7486;59.7486) (0.1;0.1)
(17876.1;17876.1) (59.7986;59.7986) (0.1;0.1)
(17906;17906) (59.8486;59.8486) (0.1;0.1)
(17936;17936) (59.8986;59.8986) (0.1;0.1)
(17965.9;17965.9) (59.9486;59.9486) (0.1;0.1)
(17995.9;17995.9) (59.9986;59.9986) (0.1;0.1)
(18025.9;18025.9) (60.0486;60.0486) (0.1;0.1)
(18056;18056) (60.0986;60.0986) (0.1;0.1)
(18086;18086) (60.1486;60.1486) (0.1;0.1)
(18116.1;18116.1) (60.1986;60.1986) (0.1;0.1)
(18146.2;18146.2) (60.2486;60.2486) (0.1;0.1)
(18176.3;18176.3) (60.2986;60.2986) (0.1;0.1)
(18206.5;18206.5) (60.3486;60.3486) (0.1;0.1)
(18236.7;18236.7) (60.3986;60.3986) (0.1;0.1)
(18266.9;18266.9) (60.4486;60.4486) (0.1;0.1)
(18297.1;18297.1) (60.4986;60.4986) (0.1;0.1)
(18327.4;18327.4) (60.5486;60.5486) (0.1;0.1)
(18357.7;18357.7) (60.5986;60.5986) (0.1;0.1)
(18388;18388) (60.6486;60.6486) (0.1;0.1)
(18418.3;18418.3) (60.6986;60.6986) (0.1;0.1)
(18448.7;18448.7) (60.7486;60.7486) (0.1;0.1)
(18479.1;18479.1) (60.7986;60.7986) (0.1;0.1)
(18509.5;18509.5) (60.8486;60.8486) (0.1;0.1)
(18539.9;18539.9) (60.8986;60.8986) (0.1;0.1)
(18570.4;18570.4) (60.9486;60.9486) (0.1;0.1)
(18600.8;18600.8) (60.9986;60.9986) (0.1;0.1)
(18631.4;18631.4) (61.0486;61.0486) (0.1;0.1)
(18661.9;18661.9) (61.0986;61.0986) (0.1;0.1)
(18692.5;18692.5) (61.1486;61.1486) (0.1;0.1)
(18723;18723) (61.1986;61.1986) (0.1;0.1)
(18753.6;18753.6) (61.2486;61.2486) (0.1;0.1)
(18784.3;18784.3) (61.2986;61.2986) (0.1;0.1)
(18814.9;18814.9) (61.3486;61.3486) (0.1;0.1)
(18845.6;18845.6) (61.3986;61.3986) (0.1;0.1)
(18876.3;18876.3) (61.4486;61.4486) (0.1;0.1)
(18907.1;18907.1) (61.4986;61.4986) (0.1;0.1)
(18937.8;18937.8) (61.5486;61.5486) (0.1;0.1)
(18968.6;18968.6) (61.5986;61.5986) (0.1;0.1)
(18999.4;18999.4) (61.6486;61.6486) (0.1;0.1)
(19030.3;19030.3) (61.6986;61.6986) (0.1;0.1)
(19061.1;19061.1) (61.7486;61.7486) (0.1;0.1)
(19092;19092) (61.7986;61.7986) (0.1;0.1)
(19122.9;19122.9) (61.8486;61.8486) (0.1;0.1)
(19153.8;19153.8) (61.8986;61.8986) (0.1;0.1)
(19184.8;19184.8) (61.9486;61.9486) (0.1;0.1)
(19215.8;19215.8) (61.9986;61.9986) (0.1;0.1)
(19246.8;19246.8) (62.0486;62.0486) (0.1;0.1)
(19277.8;19277.8) (62.0986;62.0986) (0.1;0.1)
(19308.9;19308.9) (62.1486;62.1486) (0.1;0.1)
(19340;19340) (62.1986;62.1986) (0.1;0.1)
(19371.1;19371.1) (62.2486;62.2486) (0.1;0.1)
(19402.2;19402.2) (62.2986;62.2986) (0.1;0.1)
(19433.4;19433.4) (62.3486;62.3486) (0.1;0.1)
(19464.6;19464.6) (62.3986;62.3986) (0.1;0.1)
(19495.8;19495.8) (62.4486;62.4486) (0.1;0.1)
(19527;19527) (62.4986;62.4986) (0.1;0.1)
(19558.3;19558.3) (62.5486;62.5486) (0.1;0.1)
(19589.5;19589.5) (62.5986;62.5986) (0.1;0.1)
(19620.9;19620.9) (62.6486;62.6486) (0.1;0.1)
(19652.2;19652.2) (62.6986;62.6986) (0.1;0.1)
(19683.5;19683.5) (62.7486;62.7486) (0.1;0.1)
(19714.9;19714.9) (62.7986;62.7986) (0.1;0.1)
(19746.3;19746.3) (62.8486;62.8486) (0.1;0.1)
(19777.8;19777.8) (62.8986;62.8986) (0.1;0.1)
(19809.2;19809.2) (62.9486;62.9486) (0.1;0.1)
(19840.7;19840.7) (62.9986;62.9986) (0.1;0.1)
(19872.2;19872.2) (63.0486;63.0486) (0.1;0.1)
(19903.8;19903.8) (63.0986;63.0986) (0.1;0.1)
(19935.3;19935.3) (63.1486;63.1486) (0.1;0.1)
(19966.9;19966.9) (63.1986;63.1986) (0.1;0.1)
(19998.5;19998.5) (63.2486;63.2486) (0.1;0.1)
(20030.2;20030.2) (63.2986;63.2986) (0.1;0.1)
(20061.8;20061.8) (63.3486;63.3486) (0.1;0.1)
(20093.5;20093.5) (63.3986;63.3986) (0.1;0.1)
(20125.2;20125.2) (63.4486;63.4486) (0.1;0.1)
(20156.9;20156.9) (63.4986;63.4986) (0.1;0.1)
(20188.7;20188.7) (63.5486;63.5486) (0.1;0.1)
(20220.5;20220.5) (63.5986;63.5986) (0.1;0.1)
(20252.3;20252.3) (63.6486;63.6486) (0.1;0.1)
(20284.1;20284.1) (63.6986;63.6986) (0.1;0.1)
(20316;20316) (63.7486;63.7486) (0.1;0.1)
(20347.9;20347.9) (63.7986;63.7986) (0.1;0.1)
(20379.8;20379.8) (63.8486;63.8486) (0.1;0.1)
(20411.7;20411.7) (63.8986;63.8986) (0.1;0.1)
(20443.7;20443.7) (63.9486;63.9486) (0.1;0.1)
(20475.7;20475.7) (63.9986;63.9986) (0.1;0.1)
(20507.7;20507.7) (64.0486;64.0486) (0.1;0.1)
(20539.7;20539.7) (64.0986;64.0986) (0.1;0.1)
(20571.8;20571.8) (64.1486;64.1486) (0.1;0.1)
(20603.8;20603.8) (64.1986;64.1986) (0.1;0.1)
(20636;20636) (64.2486;64.2486) (0.1;0.1)
(20668.1;20668.1) (64.2986;64.2986) (0.1;0.1)
(20700.2;20700.2) (64.3486;64.3486) (0.1;0.1)
(20732.4;20732.4) (64.3986;64.3986) (0.1;0.1)
(20764.6;20764.6) (64.4486;64.4486) (0.1;0.1)
(20796.9;20796.9) (64.4986;64.4986) (0.1;0.1)
(20829.1;20829.1) (64.5486;64.5486) (0.1;0.1)
(20861.4;20861.4) (64.5986;64.5986) (0.1;0.1)
(20893.7;20893.7) (64.6486;64.6486) (0.1;0.1)
(20926.1;20926.1) (64.6986;64.6986) (0.1;0.1)
(20958.4;20958.4) (64.7486;64.7486) (0.1;0.1)
(20990.8;20990.8) (64.7986;64.7986) (0.1;0.1)
(21023.2;21023.2) (64.8486;64.8486) (0.1;0.1)
(21055.6;21055.6) (64.8986;64.8986) (0.1;0.1)
(21088.1;21088.1) (64.9486;64.9486) (0.1;0.1)
(21120.6;21120.6) (64.9986;64.9986) (0.1;0.1)
(21153.1;21153.1) (65.0486;65.0486) (0.1;0.1)
(21185.6;21185.6) (65.0986;65.0986) (0.1;0.1)
(21218.2;21218.2) (65.1486;65.1486) (0.1;0.1)
(21250.8;21250.8) (65.1986;65.1986) (0.1;0.1)
(21283.4;21283.4) (65.2486;65.2486) (0.1;0.1)
(21316;21316) (65.2986;65.2986) (0.1;0.1)
(21348.7;21348.7) (65.3486;65.3486) (0.1;0.1)
(21381.4;21381.4) (65.3986;65.3986) (0.1;0.1)
(21414.1;21414.1) (65.4486;65.4486) (0.1;0.1)
(21446.8;21446.8) (65.4986;65.4986) (0.1;0.1)
(21479.6;21479.6) (65.5486;65.5486) (0.1;0.1)
(21512.4;21512.4) (65.5986;65.5986) (0.1;0.1)
(21545.2;21545.2) (65.6486;65.6486) (0.1;0.1)
(21578;21578) (65.6986;65.6986) (0.1;0.1)
(21610.9;21610.9) (65.7486;65.7486) (0.1;0.1)
(21643.7;21643.7) (65.7986;65.7986) (0.1;0.1)
(21676.7;21676.7) (65.8486;65.8486) (0.1;0.1)
(21709.6;21709.6) (65.8986;65.8986) (0.1;0.1)
(21742.5;21742.5) (65.9486;65.9486) (0.1;0.1)
(21775.5;21775.5) (65.9986;65.9986) (0.1;0.1)
(21808.5;21808.5) (66.0486;66.0486) (0.1;0.1)
(21841.6;21841.6) (66.0986;66.0986) (0.1;0.1)
(21874.6;21874.6) (66.1486;66.1486) (0.1;0.1)
(21907.7;21907.7) (66.1986;66.1986) (0.1;0.1)
(21940.8;21940.8) (66.2486;66.2486) (0.1;0.1)
(21974;21974) (66.2986;66.2986) (0.1;0.1)
(22007.1;22007.1) (66.3486;66.3486) (0.1;0.1)
(22040.3;22040.3) (66.3986;66.3986) (0.1;0.1)
(22073.5;22073.5) (66.4486;66.4486) (0.1;0.1)
(22106.7;22106.7) (66.4986;66.4986) (0.1;0.1)
(22140;22140) (66.5486;66.5486) (0.1;0.1)
(22173.3;22173.3) (66.5986;66.5986) (0.1;0.1)
(22206.6;22206.6) (66.6486;66.6486) (0.1;0.1)
(22239.9;22239.9) (66.6986;66.6986) (0.1;0.1)
(22273.3;22273.3) (66.7486;66.7486) (0.1;0.1)
(22306.7;22306.7) (66.7986;66.7986) (0.1;0.1)
(22340.1;22340.1) (66.8486;66.8486) (0.1;0.1)
(22373.5;22373.5) (66.8986;66.8986) (0.1;0.1)
(22407;22407) (66.9486;66.9486) (0.1;0.1)
(22440.5;22440.5) (66.9986;66.9986) (0.1;0.1)
(22474;22474) (67.0486;67.0486) (0.1;0.1)
(22507.5;22507.5) (67.0986;67.0986) (0.1;0.1)
(22541.1;22541.1) (67.1486;67.1486) (0.1;0.1)
(22574.7;22574.7) (67.1986;67.1986) (0.1;0.1)
(22608.3;22608.3) (67.2486;67.2486) (0.1;0.1)
(22641.9;22641.9) (67.2986;67.2986) (0.1;0.1)
(22675.6;22675.6) (67.3486;67.3486) (0.1;0.1)
(22709.2;22709.2) (67.3986;67.3986) (0.1;0.1)
(22742.9;22742.9) (67.4486;67.4486) (0.1;0.1)
(22776.7;22776.7) (67.4986;67.4986) (0.1;0.1)
(22810.4;22810.4) (67.5486;67.5486) (0.1;0.1)
(22844.2;22844.2) (67.5986;67.5986) (0.1;0.1)
(22878;22878) (67.6486;67.6486) (0.1;0.1)
(22911.9;22911.9) (67.6986;67.6986) (0.1;0.1)
(22945.7;22945.7) (67.7486;67.7486) (0.1;0.1)
(22979.6;22979.6) (67.7986;67.7986) (0.1;0.1)
(23013.5;23013.5) (67.8486;67.8486) (0.1;0.1)
(23047.5;23047.5) (67.8986;67.8986) (0.1;0.1)
(23081.4;23081.4) (67.9486;67.9486) (0.1;0.1)
(23115.4;23115.4) (67.9986;67.9986) (0.1;0.1)
(23149.4;23149.4) (68.0486;68.0486) (0.1;0.1)
(23183.4;23183.4) (68.0986;68.0986) (0.1;0.1)
(23217.5;23217.5) (68.1486;68.1486) (0.1;0.1)
(23251.6;23251.6) (68.1986;68.1986) (0.1;0.1)
(23285.7;23285.7) (68.2486;68.2486) (0.1;0.1)
(23319.8;23319.8) (68.2986;68.2986) (0.1;0.1)
(23354;23354) (68.3486;68.3486) (0.1;0.1)
(23388.2;23388.2) (68.3986;68.3986) (0.1;0.1)
(23422.4;23422.4) (68.4486;68.4486) (0.1;0.1)
(23456.6;23456.6) (68.4986;68.4986) (0.1;0.1)
(23490.9;23490.9) (68.5486;68.5486) (0.1;0.1)
(23525.2;23525.2) (68.5986;68.5986) (0.1;0.1)
(23559.5;23559.5) (68.6486;68.6486) (0.1;0.1)
(23593.8;23593.8) (68.6986;68.6986) (0.1;0.1)
(23628.2;23628.2) (68.7486;68.7486) (0.1;0.1)
(23662.5;23662.5) (68.7986;68.7986) (0.1;0.1)
(23697;23697) (68.8486;68.8486) (0.1;0.1)
(23731.4;23731.4) (68.8986;68.8986) (0.1;0.1)
(23765.9;23765.9) (68.9486;68.9486) (0.1;0.1)
(23800.3;23800.3) (68.9986;68.9986) (0.1;0.1)
(23834.8;23834.8) (69.0486;69.0486) (0.1;0.1)
(23869.4;23869.4) (69.0986;69.0986) (0.1;0.1)
(23903.9;23903.9) (69.1486;69.1486) (0.1;0.1)
(23938.5;23938.5) (69.1986;69.1986) (0.1;0.1)
(23973.1;23973.1) (69.2486;69.2486) (0.1;0.1)
(24007.8;24007.8) (69.2986;69.2986) (0.1;0.1)
(24042.4;24042.4) (69.3486;69.3486) (0.1;0.1)
(24077.1;24077.1) (69.3986;69.3986) (0.1;0.1)
(24111.8;24111.8) (69.4486;69.4486) (0.1;0.1)
(24146.6;24146.6) (69.4986;69.4986) (0.1;0.1)
(24181.3;24181.3) (69.5486;69.5486) (0.1;0.1)
(24216.1;24216.1) (69.5986;69.5986) (0.1;0.1)
(24250.9;24250.9) (69.6486;69.6486) (0.1;0.1)
(24285.7;24285.7) (69.6986;69.6986) (0.1;0.1)
(24320.6;24320.6) (69.7486;69.7486) (0.1;0.1)
(24355.5;24355.5) (69.7986;69.7986) (0.1;0.1)
(24390.4;24390.4) (69.8486;69.8486) (0.1;0.1)
(24425.3;24425.3) (69.8986;69.8986) (0.1;0.1)
(24460.3;24460.3) (69.9486;69.9486) (0.1;0.1)
(24495.3;24495.3) (69.9986;69.9986) (0.1;0.1)
(24530.3;24530.3) (70.0486;70.0486) (0.1;0.1)
(24565.3;24565.3) (70.0986;70.0986) (0.1;0.1)
(24600.4;24600.4) (70.1486;70.1486) (0.1;0.1)
(24635.5;24635.5) (70.1986;70.1986) (0.1;0.1)
(24670.6;24670.6) (70.2486;70.2486) (0.1;0.1)
(24705.7;24705.7) (70.2986;70.2986) (0.1;0.1)
(24740.9;24740.9) (70.3486;70.3486) (0.1;0.1)
(24776;24776) (70.3986;70.3986) (0.1;0.1)
(24811.3;24811.3) (70.4486;70.4486) (0.1;0.1)
(24846.5;24846.5) (70.4986;70.4986) (0.1;0.1)
(24881.8;24881.8) (70.5486;70.5486) (0.1;0.1)
(24917;24917) (70.5986;70.5986) (0.1;0.1)
(24952.3;24952.3) (70.6486;70.6486) (0.1;0.1)
(24987.7;24987.7) (70.6986;70.6986) (0.1;0.1)
(25023;25023) (70.7486;70.7486) (0.1;0.1)
(25058.4;25058.4) (70.7986;70.7986) (0.1;0.1)
(25093.8;25093.8) (70.8486;70.8486) (0.1;0.1)
(25129.3;25129.3) (70.8986;70.8986) (0.1;0.1)
(25164.7;25164.7) (70.9486;70.9486) (0.1;0.1)
(25200.2;25200.2) (70.9986;70.9986) (0.1;0.1)
(25235.7;25235.7) (71.0486;71.0486) (0.1;0.1)
(25271.3;25271.3) (71.0986;71.0986) (0.1;0.1)
(25306.8;25306.8) (71.1486;71.1486) (0.1;0.1)
(25342.4;25342.4) (71.1986;71.1986) (0.1;0.1)
(25378;25378) (71.2486;71.2486) (0.1;0.1)
(25413.6;25413.6) (71.2986;71.2986) (0.1;0.1)
(25449.3;25449.3) (71.3486;71.3486) (0.1;0.1)
(25485;25485) (71.3986;71.3986) (0.1;0.1)
(25520.7;25520.7) (71.4486;71.4486) (0.1;0.1)
(25556.4;25556.4) (71.4986;71.4986) (0.1;0.1)
(25592.2;25592.2) (71.5486;71.5486) (0.1;0.1)
(25628;25628) (71.5986;71.5986) (0.1;0.1)
(25663.8;25663.8) (71.6486;71.6486) (0.1;0.1)
(25699.6;25699.6) (71.6986;71.6986) (0.1;0.1)
(25735.5;25735.5) (71.7486;71.7486) (0.1;0.1)
(25771.4;25771.4) (71.7986;71.7986) (0.1;0.1)
(25807.3;25807.3) (71.8486;71.8486) (0.1;0.1)
(25843.2;25843.2) (71.8986;71.8986) (0.1;0.1)
(25879.2;25879.2) (71.9486;71.9486) (0.1;0.1)
(25915.1;25915.1) (71.9986;71.9986) (0.1;0.1)
(25951.2;25951.2) (72.0486;72.0486) (0.1;0.1)
(25987.2;25987.2) (72.0986;72.0986) (0.1;0.1)
(26023.2;26023.2) (72.1486;72.1486) (0.1;0.1)
(26059.3;26059.3) (72.1986;72.1986) (0.1;0.1)
(26095.4;26095.4) (72.2486;72.2486) (0.1;0.1)
(26131.6;26131.6) (72.2986;72.2986) (0.1;0.1)
(26167.7;26167.7) (72.3486;72.3486) (0.1;0.1)
(26203.9;26203.9) (72.3986;72.3986) (0.1;0.1)
(26240.1;26240.1) (72.4486;72.4486) (0.1;0.1)
(26276.4;26276.4) (72.4986;72.4986) (0.1;0.1)
(26312.6;26312.6) (72.5486;72.5486) (0.1;0.1)
(26348.9;26348.9) (72.5986;72.5986) (0.1;0.1)
(26385.2;26385.2) (72.6486;72.6486) (0.1;0.1)
(26421.5;26421.5) (72.6986;72.6986) (0.1;0.1)
(26457.9;26457.9) (72.7486;72.7486) (0.1;0.1)
(26494.3;26494.3) (72.7986;72.7986) (0.1;0.1)
(26530.7;26530.7) (72.8486;72.8486) (0.1;0.1)
(26567.1;26567.1) (72.8986;72.8986) (0.1;0.1)
(26603.6;26603.6) (72.9486;72.9486) (0.1;0.1)
(26640.1;26640.1) (72.9986;72.9986) (0.1;0.1)
(26676.6;26676.6) (73.0486;73.0486) (0.1;0.1)
(26713.1;26713.1) (73.0986;73.0986) (0.1;0.1)
(26749.7;26749.7) (73.1486;73.1486) (0.1;0.1)
(26786.3;26786.3) (73.1986;73.1986) (0.1;0.1)
(26822.9;26822.9) (73.2486;73.2486) (0.1;0.1)
(26859.5;26859.5) (73.2986;73.2986) (0.1;0.1)
(26896.2;26896.2) (73.3486;73.3486) (0.1;0.1)
(26932.9;26932.9) (73.3986;73.3986) (0.1;0.1)
(26969.6;26969.6) (73.4486;73.4486) (0.1;0.1)
(27006.3;27006.3) (73.4986;73.4986) (0.1;0.1)
(27043.1;27043.1) (73.5486;73.5486) (0.1;0.1)
(27079.8;27079.8) (73.5986;73.5986) (0.1;0.1)
(27116.7;27116.7) (73.6486;73.6486) (0.1;0.1)
(27153.5;27153.5) (73.6986;73.6986) (0.1;0.1)
(27190.3;27190.3) (73.7486;73.7486) (0.1;0.1)
(27227.2;27227.2) (73.7986;73.7986) (0.1;0.1)
(27264.1;27264.1) (73.8486;73.8486) (0.1;0.1)
(27301.1;27301.1) (73.8986;73.8986) (0.1;0.1)
(27338;27338) (73.9486;73.9486) (0.1;0.1)
(27375;27375) (73.9986;73.9986) (0.1;0.1)
(27412;27412) (74.0486;74.0486) (0.1;0.1)
(27449.1;27449.1) (74.0986;74.0986) (0.1;0.1)
(27486.1;27486.1) (74.1486;74.1486) (0.1;0.1)
(27523.2;27523.2) (74.1986;74.1986) (0.1;0.1)
(27560.3;27560.3) (74.2486;74.2486) (0.1;0.1)
(27597.4;27597.4) (74.2986;74.2986) (0.1;0.1)
(27634.6;27634.6) (74.3486;74.3486) (0.1;0.1)
(27671.8;27671.8) (74.3986;74.3986) (0.1;0.1)
(27709;27709) (74.4486;74.4486) (0.1;0.1)
(27746.2;27746.2) (74.4986;74.4986) (0.1;0.1)
(27783.5;27783.5) (74.5486;74.5486) (0.1;0.1)
(27820.8;27820.8) (74.5986;74.5986) (0.1;0.1)
(27858.1;27858.1) (74.6486;74.6486) (0.1;0.1)
(27895.4;27895.4) (74.6986;74.6986) (0.1;0.1)
(27932.8;27932.8) (74.7486;74.7486) (0.1;0.1)
(27970.2;27970.2) (74.7986;74.7986) (0.1;0.1)
(28007.6;28007.6) (74.8486;74.8486) (0.1;0.1)
(28045;28045) (74.8986;74.8986) (0.1;0.1)
(28082.5;28082.5) (74.9486;74.9486) (0.1;0.1)
(28120;28120) (74.9986;74.9986) (0.1;0.1)
(28157.5;28157.5) (75.0486;75.0486) (0.1;0.1)
(28195;28195) (75.0986;75.0986) (0.1;0.1)
(28232.6;28232.6) (75.1486;75.1486) (0.1;0.1)
(28270.1;28270.1) (75.1986;75.1986) (0.1;0.1)
(28307.7;28307.7) (75.2486;75.2486) (0.1;0.1)
(28345.4;28345.4) (75.2986;75.2986) (0.1;0.1)
(28383;28383) (75.3486;75.3486) (0.1;0.1)
(28420.7;28420.7) (75.3986;75.3986) (0.1;0.1)
(28458.4;28458.4) (75.4486;75.4486) (0.1;0.1)
(28496.2;28496.2) (75.4986;75.4986) (0.1;0.1)
(28533.9;28533.9) (75.5486;75.5486) (0.1;0.1)
(28571.7;28571.7) (75.5986;75.5986) (0.1;0.1)
(28609.5;28609.5) (75.6486;75.6486) (0.1;0.1)
(28647.4;28647.4) (75.6986;75.6986) (0.1;0.1)
(28685.2;28685.2) (75.7486;75.7486) (0.1;0.1)
(28723.1;28723.1) (75.7986;75.7986) (0.1;0.1)
(28761;28761) (75.8486;75.8486) (0.1;0.1)
(28798.9;28798.9) (75.8986;75.8986) (0.1;0.1)
(28836.9;28836.9) (75.9486;75.9486) (0.1;0.1)
(28874.9;28874.9) (75.9986;75.9986) (0.1;0.1)
(28912.9;28912.9) (76.0486;76.0486) (0.1;0.1)
(28950.9;28950.9) (76.0986;76.0986) (0.1;0.1)
(28989;28989) (76.1486;76.1486) (0.1;0.1)
(29027.1;29027.1) (76.1986;76.1986) (0.1;0.1)
(29065.2;29065.2) (76.2486;76.2486) (0.1;0.1)
(29103.3;29103.3) (76.2986;76.2986) (0.1;0.1)
(29141.5;29141.5) (76.3486;76.3486) (0.1;0.1)
(29179.7;29179.7) (76.3986;76.3986) (0.1;0.1)
(29217.9;29217.9) (76.4486;76.4486) (0.1;0.1)
(29256.1;29256.1) (76.4986;76.4986) (0.1;0.1)
(29294.4;29294.4) (76.5486;76.5486) (0.1;0.1)
(29332.7;29332.7) (76.5986;76.5986) (0.1;0.1)
(29371;29371) (76.6486;76.6486) (0.1;0.1)
(29409.3;29409.3) (76.6986;76.6986) (0.1;0.1)
(29447.7;29447.7) (76.7486;76.7486) (0.1;0.1)
(29486;29486) (76.7986;76.7986) (0.1;0.1)
(29524.4;29524.4) (76.8486;76.8486) (0.1;0.1)
(29562.9;29562.9) (76.8986;76.8986) (0.1;0.1)
(29601.3;29601.3) (76.9486;76.9486) (0.1;0.1)
(29639.8;29639.8) (76.9986;76.9986) (0.1;0.1)
(29678.3;29678.3) (77.0486;77.0486) (0.1;0.1)
(29716.9;29716.9) (77.0986;77.0986) (0.1;0.1)
(29755.4;29755.4) (77.1486;77.1486) (0.1;0.1)
(29794;29794) (77.1986;77.1986) (0.1;0.1)
(29832.6;29832.6) (77.2486;77.2486) (0.1;0.1)
(29871.3;29871.3) (77.2986;77.2986) (0.1;0.1)
(29909.9;29909.9) (77.3486;77.3486) (0.1;0.1)
(29948.6;29948.6) (77.3986;77.3986) (0.1;0.1)
(29987.3;29987.3) (77.4486;77.4486) (0.1;0.1)
(30026;30026) (77.4986;77.4986) (0.1;0.1)
(30064.8;30064.8) (77.5486;77.5486) (0.1;0.1)
(30103.6;30103.6) (77.5986;77.5986) (0.1;0.1)
(30142.4;30142.4) (77.6486;77.6486) (0.1;0.1)
(30181.2;30181.2) (77.6986;77.6986) (0.1;0.1)
(30220.1;30220.1) (77.7486;77.7486) (0.1;0.1)
(30259;30259) (77.7986;77.7986) (0.1;0.1)
(30297.9;30297.9) (77.8486;77.8486) (0.1;0.1)
(30336.8;30336.8) (77.8986;77.8986) (0.1;0.1)
(30375.8;30375.8) (77.9486;77.9486) (0.1;0.1)
(30414.8;30414.8) (77.9986;77.9986) (0.1;0.1)
(30453.8;30453.8) (78.0486;78.0486) (0.1;0.1)
(30492.8;30492.8) (78.0986;78.0986) (0.1;0.1)
(30531.9;30531.9) (78.1486;78.1486) (0.1;0.1)
(30570.9;30570.9) (78.1986;78.1986) (0.1;0.1)
(30610.1;30610.1) (78.2486;78.2486) (0.1;0.1)
(30649.2;30649.2) (78.2986;78.2986) (0.1;0.1)
(30688.4;30688.4) (78.3486;78.3486) (0.1;0.1)
(30727.5;30727.5) (78.3986;78.3986) (0.1;0.1)
(30766.7;30766.7) (78.4486;78.4486) (0.1;0.1)
(30806;30806) (78.4986;78.4986) (0.1;0.1)
(30845.2;30845.2) (78.5486;78.5486) (0.1;0.1)
(30884.5;30884.5) (78.5986;78.5986) (0.1;0.1)
(30923.8;30923.8) (78.6486;78.6486) (0.1;0.1)
(30963.2;30963.2) (78.6986;78.6986) (0.1;0.1)
(31002.5;31002.5) (78.7486;78.7486) (0.1;0.1)
(31041.9;31041.9) (78.7986;78.7986) (0.1;0.1)
(31081.3;31081.3) (78.8486;78.8486) (0.1;0.1)
(31120.8;31120.8) (78.8986;78.8986) (0.1;0.1)
(31160.2;31160.2) (78.9486;78.9486) (0.1;0.1)
(31199.7;31199.7) (78.9986;78.9986) (0.1;0.1)
(31239.2;31239.2) (79.0486;79.0486) (0.1;0.1)
(31278.7;31278.7) (79.0986;79.0986) (0.1;0.1)
(31318.3;31318.3) (79.1486;79.1486) (0.1;0.1)
(31357.9;31357.9) (79.1986;79.1986) (0.1;0.1)
(31397.5;31397.5) (79.2486;79.2486) (0.1;0.1)
(31437.1;31437.1) (79.2986;79.2986) (0.1;0.1)
(31476.8;31476.8) (79.3486;79.3486) (0.1;0.1)
(31516.5;31516.5) (79.3986;79.3986) (0.1;0.1)
(31556.2;31556.2) (79.4486;79.4486) (0.1;0.1)
(31595.9;31595.9) (79.4986;79.4986) (0.1;0.1)
(31635.7;31635.7) (79.5486;79.5486) (0.1;0.1)
(31675.5;31675.5) (79.5986;79.5986) (0.1;0.1)
(31715.3;31715.3) (79.6486;79.6486) (0.1;0.1)
(31755.1;31755.1) (79.6986;79.6986) (0.1;0.1)
(31795;31795) (79.7486;79.7486) (0.1;0.1)
(31834.8;31834.8) (79.7986;79.7986) (0.1;0.1)
(31874.8;31874.8) (79.8486;79.8486) (0.1;0.1)
(31914.7;31914.7) (79.8986;79.8986) (0.1;0.1)
(31954.6;31954.6) (79.9486;79.9486) (0.1;0.1)
(31994.6;31994.6) (79.9986;79.9986) (0.1;0.1)
(32034.6;32034.6) (80.0486;80.0486) (0.1;0.1)
(32074.7;32074.7) (80.0986;80.0986) (0.1;0.1)
(32114.7;32114.7) (80.1486;80.1486) (0.1;0.1)
(32154.8;32154.8) (80.1986;80.1986) (0.1;0.1)
(32194.9;32194.9) (80.2486;80.2486) (0.1;0.1)
(32235.1;32235.1) (80.2986;80.2986) (0.1;0.1)
(32275.2;32275.2) (80.3486;80.3486) (0.1;0.1)
(32315.4;32315.4) (80.3986;80.3986) (0.1;0.1)
(32355.6;32355.6) (80.4486;80.4486) (0.1;0.1)
(32395.9;32395.9) (80.4986;80.4986) (0.1;0.1)
(32436.1;32436.1) (80.5486;80.5486) (0.1;0.1)
(32476.4;32476.4) (80.5986;80.5986) (0.1;0.1)
(32516.7;32516.7) (80.6486;80.6486) (0.1;0.1)
(32557;32557) (80.6986;80.6986) (0.1;0.1)
(32597.4;32597.4) (80.7486;80.7486) (0.1;0.1)
(32637.8;32637.8) (80.7986;80.7986) (0.1;0.1)
(32678.2;32678.2) (80.8486;80.8486) (0.1;0.1)
(32718.6;32718.6) (80.8986;80.8986) (0.1;0.1)
(32759.1;32759.1) (80.9486;80.9486) (0.1;0.1)
(32799.6;32799.6) (80.9986;80.9986) (0.1;0.1)
(32840.1;32840.1) (81.0486;81.0486) (0.1;0.1)
(32880.6;32880.6) (81.0986;81.0986) (0.1;0.1)
(32921.2;32921.2) (81.1486;81.1486) (0.1;0.1)
(32961.8;32961.8) (81.1986;81.1986) (0.1;0.1)
(33002.4;33002.4) (81.2486;81.2486) (0.1;0.1)
(33043;33043) (81.2986;81.2986) (0.1;0.1)
(33083.7;33083.7) (81.3486;81.3486) (0.1;0.1)
(33124.3;33124.3) (81.3986;81.3986) (0.1;0.1)
(33165.1;33165.1) (81.4486;81.4486) (0.1;0.1)
(33205.8;33205.8) (81.4986;81.4986) (0.1;0.1)
(33246.5;33246.5) (81.5486;81.5486) (0.1;0.1)
(33287.3;33287.3) (81.5986;81.5986) (0.1;0.1)
(33328.1;33328.1) (81.6486;81.6486) (0.1;0.1)
(33369;33369) (81.6986;81.6986) (0.1;0.1)
(33409.8;33409.8) (81.7486;81.7486) (0.1;0.1)
(33450.7;33450.7) (81.7986;81.7986) (0.1;0.1)
(33491.6;33491.6) (81.8486;81.8486) (0.1;0.1)
(33532.6;33532.6) (81.8986;81.8986) (0.1;0.1)
(33573.5;33573.5) (81.9486;81.9486) (0.1;0.1)
(33614.5;33614.5) (81.9986;81.9986) (0.1;0.1)
(33655.5;33655.5) (82.0486;82.0486) (0.1;0.1)
(33696.5;33696.5) (82.0986;82.0986) (0.1;0.1)
(33737.6;33737.6) (82.1486;82.1486) (0.1;0.1)
(33778.7;33778.7) (82.1986;82.1986) (0.1;0.1)
(33819.8;33819.8) (82.2486;82.2486) (0.1;0.1)
(33860.9;33860.9) (82.2986;82.2986) (0.1;0.1)
(33902.1;33902.1) (82.3486;82.3486) (0.1;0.1)
(33943.3;33943.3) (82.3986;82.3986) (0.1;0.1)
(33984.5;33984.5) (82.4486;82.4486) (0.1;0.1)
(34025.7;34025.7) (82.4986;82.4986) (0.1;0.1)
(34067;34067) (82.5486;82.5486) (0.1;0.1)
(34108.3;34108.3) (82.5986;82.5986) (0.1;0.1)
(34149.6;34149.6) (82.6486;82.6486) (0.1;0.1)
(34190.9;34190.9) (82.6986;82.6986) (0.1;0.1)
(34232.3;34232.3) (82.7486;82.7486) (0.1;0.1)
(34273.7;34273.7) (82.7986;82.7986) (0.1;0.1)
(34315.1;34315.1) (82.8486;82.8486) (0.1;0.1)
(34356.5;34356.5) (82.8986;82.8986) (0.1;0.1)
(34398;34398) (82.9486;82.9486) (0.1;0.1)
(34439.4;34439.4) (82.9986;82.9986) (0.1;0.1)
(34480.9;34480.9) (83.0486;83.0486) (0.1;0.1)
(34522.5;34522.5) (83.0986;83.0986) (0.1;0.1)
(34564;34564) (83.1486;83.1486) (0.1;0.1)
(34605.6;34605.6) (83.1986;83.1986) (0.1;0.1)
(34647.2;34647.2) (83.2486;83.2486) (0.1;0.1)
(34688.9;34688.9) (83.2986;83.2986) (0.1;0.1)
(34730.5;34730.5) (83.3486;83.3486) (0.1;0.1)
(34772.2;34772.2) (83.3986;83.3986) (0.1;0.1)
(34813.9;34813.9) (83.4486;83.4486) (0.1;0.1)
(34855.7;34855.7) (83.4986;83.4986) (0.1;0.1)
(34897.4;34897.4) (83.5486;83.5486) (0.1;0.1)
(34939.2;34939.2) (83.5986;83.5986) (0.1;0.1)
(34981;34981) (83.6486;83.6486) (0.1;0.1)
(35022.8;35022.8) (83.6986;83.6986) (0.1;0.1)
(35064.7;35064.7) (83.7486;83.7486) (0.1;0.1)
(35106.6;35106.6) (83.7986;83.7986) (0.1;0.1)
(35148.5;35148.5) (83.8486;83.8486) (0.1;0.1)
(35190.4;35190.4) (83.8986;83.8986) (0.1;0.1)
(35232.4;35232.4) (83.9486;83.9486) (0.1;0.1)
(35274.4;35274.4) (83.9986;83.9986) (0.1;0.1)
(35316.4;35316.4) (84.0486;84.0486) (0.1;0.1)
(35358.4;35358.4) (84.0986;84.0986) (0.1;0.1)
(35400.5;35400.5) (84.1486;84.1486) (0.1;0.1)
(35442.6;35442.6) (84.1986;84.1986) (0.1;0.1)
(35484.7;35484.7) (84.2486;84.2486) (0.1;0.1)
(35526.8;35526.8) (84.2986;84.2986) (0.1;0.1)
(35569;35569) (84.3486;84.3486) (0.1;0.1)
(35611.2;35611.2) (84.3986;84.3986) (0.1;0.1)
(35653.4;35653.4) (84.4486;84.4486) (0.1;0.1)
(35695.6;35695.6) (84.4986;84.4986) (0.1;0.1)
(35737.9;35737.9) (84.5486;84.5486) (0.1;0.1)
(35780.1;35780.1) (84.5986;84.5986) (0.1;0.1)
(35822.4;35822.4) (84.6486;84.6486) (0.1;0.1)
(35864.8;35864.8) (84.6986;84.6986) (0.1;0.1)
(35907.1;35907.1) (84.7486;84.7486) (0.1;0.1)
(35949.5;35949.5) (84.7986;84.7986) (0.1;0.1)
(35991.9;35991.9) (84.8486;84.8486) (0.1;0.1)
(36034.4;36034.4) (84.8986;84.8986) (0.1;0.1)
(36076.8;36076.8) (84.9486;84.9486) (0.1;0.1)
(36119.3;36119.3) (84.9986;84.9986) (0.1;0.1)
(36161.8;36161.8) (85.0486;85.0486) (0.1;0.1)
(36204.4;36204.4) (85.0986;85.0986) (0.1;0.1)
(36246.9;36246.9) (85.1486;85.1486) (0.1;0.1)
(36289.5;36289.5) (85.1986;85.1986) (0.1;0.1)
(36332.1;36332.1) (85.2486;85.2486) (0.1;0.1)
(36374.7;36374.7) (85.2986;85.2986) (0.1;0.1)
(36417.4;36417.4) (85.3486;85.3486) (0.1;0.1)
(36460.1;36460.1) (85.3986;85.3986) (0.1;0.1)
(36502.8;36502.8) (85.4486;85.4486) (0.1;0.1)
(36545.5;36545.5) (85.4986;85.4986) (0.1;0.1)
(36588.3;36588.3) (85.5486;85.5486) (0.1;0.1)
(36631.1;36631.1) (85.5986;85.5986) (0.1;0.1)
(36673.9;36673.9) (85.6486;85.6486) (0.1;0.1)
(36716.7;36716.7) (85.6986;85.6986) (0.1;0.1)
(36759.6;36759.6) (85.7486;85.7486) (0.1;0.1)
(36802.5;36802.5) (85.7986;85.7986) (0.1;0.1)
(36845.4;36845.4) (85.8486;85.8486) (0.1;0.1)
(36888.3;36888.3) (85.8986;85.8986) (0.1;0.1)
(36931.3;36931.3) (85.9486;85.9486) (0.1;0.1)
(36974.2;36974.2) (85.9986;85.9986) (0.1;0.1)
(37017.3;37017.3) (86.0486;86.0486) (0.1;0.1)
(37060.3;37060.3) (86.0986;86.0986) (0.1;0.1)
(37103.4;37103.4) (86.1486;86.1486) (0.1;0.1)
(37146.4;37146.4) (86.1986;86.1986) (0.1;0.1)
(37189.5;37189.5) (86.2486;86.2486) (0.1;0.1)
(37232.7;37232.7) (86.2986;86.2986) (0.1;0.1)
(37275.8;37275.8) (86.3486;86.3486) (0.1;0.1)
(37319;37319) (86.3986;86.3986) (0.1;0.1)
(37362.2;37362.2) (86.4486;86.4486) (0.1;0.1)
(37405.5;37405.5) (86.4986;86.4986) (0.1;0.1)
(37448.7;37448.7) (86.5486;86.5486) (0.1;0.1)
(37492;37492) (86.5986;86.5986) (0.1;0.1)
(37535.3;37535.3) (86.6486;86.6486) (0.1;0.1)
(37578.7;37578.7) (86.6986;86.6986) (0.1;0.1)
(37622;37622) (86.7486;86.7486) (0.1;0.1)
(37665.4;37665.4) (86.7986;86.7986) (0.1;0.1)
(37708.8;37708.8) (86.8486;86.8486) (0.1;0.1)
(37752.2;37752.2) (86.8986;86.8986) (0.1;0.1)
(37795.7;37795.7) (86.9486;86.9486) (0.1;0.1)
(37839.2;37839.2) (86.9986;86.9986) (0.1;0.1)
(37882.7;37882.7) (87.0486;87.0486) (0.1;0.1)
(37926.2;37926.2) (87.0986;87.0986) (0.1;0.1)
(37969.8;37969.8) (87.1486;87.1486) (0.1;0.1)
(38013.4;38013.4) (87.1986;87.1986) (0.1;0.1)
(38057;38057) (87.2486;87.2486) (0.1;0.1)
(38100.6;38100.6) (87.2986;87.2986) (0.1;0.1)
(38144.3;38144.3) (87.3486;87.3486) (0.1;0.1)
(38188;38188) (87.3986;87.3986) (0.1;0.1)
(38231.7;38231.7) (87.4486;87.4486) (0.1;0.1)
(38275.4;38275.4) (87.4986;87.4986) (0.1;0.1)
(38319.2;38319.2) (87.5486;87.5486) (0.1;0.1)
(38362.9;38362.9) (87.5986;87.5986) (0.1;0.1)
(38406.8;38406.8) (87.6486;87.6486) (0.1;0.1)
(38450.6;38450.6) (87.6986;87.6986) (0.1;0.1)
(38494.4;38494.4) (87.7486;87.7486) (0.1;0.1)
(38538.3;38538.3) (87.7986;87.7986) (0.1;0.1)
(38582.2;38582.2) (87.8486;87.8486) (0.1;0.1)
(38626.2;38626.2) (87.8986;87.8986) (0.1;0.1)
(38670.1;38670.1) (87.9486;87.9486) (0.1;0.1)
(38714.1;38714.1) (87.9986;87.9986) (0.1;0.1)
(38758.1;38758.1) (88.0486;88.0486) (0.1;0.1)
(38802.2;38802.2) (88.0986;88.0986) (0.1;0.1)
(38846.2;38846.2) (88.1486;88.1486) (0.1;0.1)
(38890.3;38890.3) (88.1986;88.1986) (0.1;0.1)
(38934.4;38934.4) (88.2486;88.2486) (0.1;0.1)
(38978.6;38978.6) (88.2986;88.2986) (0.1;0.1)
(39022.7;39022.7) (88.3486;88.3486) (0.1;0.1)
(39066.9;39066.9) (88.3986;88.3986) (0.1;0.1)
(39111.1;39111.1) (88.4486;88.4486) (0.1;0.1)
(39155.3;39155.3) (88.4986;88.4986) (0.1;0.1)
(39199.6;39199.6) (88.5486;88.5486) (0.1;0.1)
(39243.9;39243.9) (88.5986;88.5986) (0.1;0.1)
(39288.2;39288.2) (88.6486;88.6486) (0.1;0.1)
(39332.5;39332.5) (88.6986;88.6986) (0.1;0.1)
(39376.9;39376.9) (88.7486;88.7486) (0.1;0.1)
(39421.3;39421.3) (88.7986;88.7986) (0.1;0.1)
(39465.7;39465.7) (88.8486;88.8486) (0.1;0.1)
(39510.1;39510.1) (88.8986;88.8986) (0.1;0.1)
(39554.6;39554.6) (88.9486;88.9486) (0.1;0.1)
(39599.1;39599.1) (88.9986;88.9986) (0.1;0.1)
(39643.6;39643.6) (89.0486;89.0486) (0.1;0.1)
(39688.1;39688.1) (89.0986;89.0986) (0.1;0.1)
(39732.7;39732.7) (89.1486;89.1486) (0.1;0.1)
(39777.2;39777.2) (89.1986;89.1986) (0.1;0.1)
(39821.9;39821.9) (89.2486;89.2486) (0.1;0.1)
(39866.5;39866.5) (89.2986;89.2986) (0.1;0.1)
(39911.1;39911.1) (89.3486;89.3486) (0.1;0.1)
(39955.8;39955.8) (89.3986;89.3986) (0.1;0.1)
(40000.5;40000.5) (89.4486;89.4486) (0.1;0.1)
(40045.3;40045.3) (89.4986;89.4986) (0.1;0.1)
(40090;40090) (89.5486;89.5486) (0.1;0.1)
(40134.8;40134.8) (89.5986;89.5986) (0.1;0.1)
(40179.6;40179.6) (89.6486;89.6486) (0.1;0.1)
(40224.5;40224.5) (89.6986;89.6986) (0.1;0.1)
(40269.3;40269.3) (89.7486;89.7486) (0.1;0.1)
(40314.2;40314.2) (89.7986;89.7986) (0.1;0.1)
(40359.1;40359.1) (89.8486;89.8486) (0.1;0.1)
(40404;40404) (89.8986;89.8986) (0.1;0.1)
(40449;40449) (89.9486;89.9486) (0.1;0.1)
(40494;40494) (89.9986;89.9986) (0.1;0.1)
(40539;40539) (90.0486;90.0486) (0.1;0.1)
(40584;40584) (90.0986;90.0986) (0.1;0.1)
(40629.1;40629.1) (90.1486;90.1486) (0.1;0.1)
(40674.2;40674.2) (90.1986;90.1986) (0.1;0.1)
(40719.3;40719.3) (90.2486;90.2486) (0.1;0.1)
(40764.4;40764.4) (90.2986;90.2986) (0.1;0.1)
(40809.6;40809.6) (90.3486;90.3486) (0.1;0.1)
(40854.8;40854.8) (90.3986;90.3986) (0.1;0.1)
(40900;40900) (90.4486;90.4486) (0.1;0.1)
(40945.2;40945.2) (90.4986;90.4986) (0.1;0.1)
(40990.5;40990.5) (90.5486;90.5486) (0.1;0.1)
(41035.8;41035.8) (90.5986;90.5986) (0.1;0.1)
(41081.1;41081.1) (90.6486;90.6486) (0.1;0.1)
(41126.4;41126.4) (90.6986;90.6986) (0.1;0.1)
(41171.8;41171.8) (90.7486;90.7486) (0.1;0.1)
(41217.1;41217.1) (90.7986;90.7986) (0.1;0.1)
(41262.6;41262.6) (90.8486;90.8486) (0.1;0.1)
(41308;41308) (90.8986;90.8986) (0.1;0.1)
(41353.4;41353.4) (90.9486;90.9486) (0.1;0.1)
(41398.9;41398.9) (90.9986;90.9986) (0.1;0.1)
(41444.4;41444.4) (91.0486;91.0486) (0.1;0.1)
(41490;41490) (91.0986;91.0986) (0.1;0.1)
(41535.5;41535.5) (91.1486;91.1486) (0.1;0.1)
(41581.1;41581.1) (91.1986;91.1986) (0.1;0.1)
(41626.7;41626.7) (91.2486;91.2486) (0.1;0.1)
(41672.4;41672.4) (91.2986;91.2986) (0.1;0.1)
(41718;41718) (91.3486;91.3486) (0.1;0.1)
(41763.7;41763.7) (91.3986;91.3986) (0.1;0.1)
(41809.4;41809.4) (91.4486;91.4486) (0.1;0.1)
(41855.1;41855.1) (91.4986;91.4986) (0.1;0.1)
(41900.9;41900.9) (91.5486;91.5486) (0.1;0.1)
(41946.7;41946.7) (91.5986;91.5986) (0.1;0.1)
(41992.5;41992.5) (91.6486;91.6486) (0.1;0.1)
(42038.3;42038.3) (91.6986;91.6986) (0.1;0.1)
(42084.2;42084.2) (91.7486;91.7486) (0.1;0.1)
(42130.1;42130.1) (91.7986;91.7986) (0.1;0.1)
(42176;42176) (91.8486;91.8486) (0.1;0.1)
(42221.9;42221.9) (91.8986;91.8986) (0.1;0.1)
(42267.9;42267.9) (91.9486;91.9486) (0.1;0.1)
(42313.9;42313.9) (91.9986;91.9986) (0.1;0.1)
(42359.9;42359.9) (92.0486;92.0486) (0.1;0.1)
(42405.9;42405.9) (92.0986;92.0986) (0.1;0.1)
(42452;42452) (92.1486;92.1486) (0.1;0.1)
(42498.1;42498.1) (92.1986;92.1986) (0.1;0.1)
(42544.2;42544.2) (92.2486;92.2486) (0.1;0.1)
(42590.3;42590.3) (92.2986;92.2986) (0.1;0.1)
(42636.5;42636.5) (92.3486;92.3486) (0.1;0.1)
(42682.6;42682.6) (92.3986;92.3986) (0.1;0.1)
(42728.8;42728.8) (92.4486;92.4486) (0.1;0.1)
(42775.1;42775.1) (92.4986;92.4986) (0.1;0.1)
(42821.3;42821.3) (92.5486;92.5486) (0.1;0.1)
(42867.6;42867.6) (92.5986;92.5986) (0.1;0.1)
(42913.9;42913.9) (92.6486;92.6486) (0.1;0.1)
(42960.3;42960.3) (92.6986;92.6986) (0.1;0.1)
(43006.6;43006.6) (92.7486;92.7486) (0.1;0.1)
(43053;43053) (92.7986;92.7986) (0.1;0.1)
(43099.4;43099.4) (92.8486;92.8486) (0.1;0.1)
(43145.9;43145.9) (92.8986;92.8986) (0.1;0.1)
(43192.3;43192.3) (92.9486;92.9486) (0.1;0.1)
(43238.8;43238.8) (92.9986;92.9986) (0.1;0.1)
(43285.3;43285.3) (93.0486;93.0486) (0.1;0.1)
(43331.8;43331.8) (93.0986;93.0986) (0.1;0.1)
(43378.4;43378.4) (93.1486;93.1486) (0.1;0.1)
(43425;43425) (93.1986;93.1986) (0.1;0.1)
(43471.6;43471.6) (93.2486;93.2486) (0.1;0.1)
(43518.2;43518.2) (93.2986;93.2986) (0.1;0.1)
(43564.9;43564.9) (93.3486;93.3486) (0.1;0.1)
(43611.6;43611.6) (93.3986;93.3986) (0.1;0.1)
(43658.3;43658.3) (93.4486;93.4486) (0.1;0.1)
(43705;43705) (93.4986;93.4986) (0.1;0.1)
(43751.8;43751.8) (93.5486;93.5486) (0.1;0.1)
(43798.6;43798.6) (93.5986;93.5986) (0.1;0.1)
(43845.4;43845.4) (93.6486;93.6486) (0.1;0.1)
(43892.2;43892.2) (93.6986;93.6986) (0.1;0.1)
(43939.1;43939.1) (93.7486;93.7486) (0.1;0.1)
(43985.9;43985.9) (93.7986;93.7986) (0.1;0.1)
(44032.9;44032.9) (93.8486;93.8486) (0.1;0.1)
(44079.8;44079.8) (93.8986;93.8986) (0.1;0.1)
(44126.8;44126.8) (93.9486;93.9486) (0.1;0.1)
(44173.7;44173.7) (93.9986;93.9986) (0.1;0.1)
(44220.7;44220.7) (94.0486;94.0486) (0.1;0.1)
(44267.8;44267.8) (94.0986;94.0986) (0.1;0.1)
(44314.8;44314.8) (94.1486;94.1486) (0.1;0.1)
(44361.9;44361.9) (94.1986;94.1986) (0.1;0.1)
(44409;44409) (94.2486;94.2486) (0.1;0.1)
(44456.2;44456.2) (94.2986;94.2986) (0.1;0.1)
(44503.3;44503.3) (94.3486;94.3486) (0.1;0.1)
(44550.5;44550.5) (94.3986;94.3986) (0.1;0.1)
(44597.7;44597.7) (94.4486;94.4486) (0.1;0.1)
(44645;44645) (94.4986;94.4986) (0.1;0.1)
(44692.2;44692.2) (94.5486;94.5486) (0.1;0.1)
(44739.5;44739.5) (94.5986;94.5986) (0.1;0.1)
(44786.8;44786.8) (94.6486;94.6486) (0.1;0.1)
(44834.1;44834.1) (94.6986;94.6986) (0.1;0.1)
(44881.5;44881.5) (94.7486;94.7486) (0.1;0.1)
(44928.9;44928.9) (94.7986;94.7986) (0.1;0.1)
(44976.3;44976.3) (94.8486;94.8486) (0.1;0.1)
(45023.7;45023.7) (94.8986;94.8986) (0.1;0.1)
(45071.2;45071.2) (94.9486;94.9486) (0.1;0.1)
(45118.7;45118.7) (94.9986;94.9986) (0.1;0.1)
(45166.2;45166.2) (95.0486;95.0486) (0.1;0.1)
(45213.7;45213.7) (95.0986;95.0986) (0.1;0.1)
(45261.3;45261.3) (95.1486;95.1486) (0.1;0.1)
(45308.9;45308.9) (95.1986;95.1986) (0.1;0.1)
(45356.5;45356.5) (95.2486;95.2486) (0.1;0.1)
(45404.1;45404.1) (95.2986;95.2986) (0.1;0.1)
(45451.8;45451.8) (95.3486;95.3486) (0.1;0.1)
(45499.4;45499.4) (95.3986;95.3986) (0.1;0.1)
(45547.2;45547.2) (95.4486;95.4486) (0.1;0.1)
(45594.9;45594.9) (95.4986;95.4986) (0.1;0.1)
(45642.6;45642.6) (95.5486;95.5486) (0.1;0.1)
(45690.4;45690.4) (95.5986;95.5986) (0.1;0.1)
(45738.2;45738.2) (95.6486;95.6486) (0.1;0.1)
(45786.1;45786.1) (95.6986;95.6986) (0.1;0.1)
(45833.9;45833.9) (95.7486;95.7486) (0.1;0.1)
(45881.8;45881.8) (95.7986;95.7986) (0.1;0.1)
(45929.7;45929.7) (95.8486;95.8486) (0.1;0.1)
(45977.7;45977.7) (95.8986;95.8986) (0.1;0.1)
(46025.6;46025.6) (95.9486;95.9486) (0.1;0.1)
(46073.6;46073.6) (95.9986;95.9986) (0.1;0.1)
(46121.6;46121.6) (96.0486;96.0486) (0.1;0.1)
(46169.7;46169.7) (96.0986;96.0986) (0.1;0.1)
(46217.7;46217.7) (96.1486;96.1486) (0.1;0.1)
(46265.8;46265.8) (96.1986;96.1986) (0.1;0.1)
(46313.9;46313.9) (96.2486;96.2486) (0.1;0.1)
(46362;46362) (96.2986;96.2986) (0.1;0.1)
(46410.2;46410.2) (96.3486;96.3486) (0.1;0.1)
(46458.4;46458.4) (96.3986;96.3986) (0.1;0.1)
(46506.6;46506.6) (96.4486;96.4486) (0.1;0.1)
(46554.8;46554.8) (96.4986;96.4986) (0.1;0.1)
(46603.1;46603.1) (96.5486;96.5486) (0.1;0.1)
(46651.4;46651.4) (96.5986;96.5986) (0.1;0.1)
(46699.7;46699.7) (96.6486;96.6486) (0.1;0.1)
(46748;46748) (96.6986;96.6986) (0.1;0.1)
(46796.4;46796.4) (96.7486;96.7486) (0.1;0.1)
(46844.8;46844.8) (96.7986;96.7986) (0.1;0.1)
(46893.2;46893.2) (96.8486;96.8486) (0.1;0.1)
(46941.6;46941.6) (96.8986;96.8986) (0.1;0.1)
(46990.1;46990.1) (96.9486;96.9486) (0.1;0.1)
(47038.5;47038.5) (96.9986;96.9986) (0.1;0.1)
(47087.1;47087.1) (97.0486;97.0486) (0.1;0.1)
(47135.6;47135.6) (97.0986;97.0986) (0.1;0.1)
(47184.1;47184.1) (97.1486;97.1486) (0.1;0.1)
(47232.7;47232.7) (97.1986;97.1986) (0.1;0.1)
(47281.3;47281.3) (97.2486;97.2486) (0.1;0.1)
(47330;47330) (97.2986;97.2986) (0.1;0.1)
(47378.6;47378.6) (97.3486;97.3486) (0.1;0.1)
(47427.3;47427.3) (97.3986;97.3986) (0.1;0.1)
(47476;47476) (97.4486;97.4486) (0.1;0.1)
(47524.8;47524.8) (97.4986;97.4986) (0.1;0.1)
(47573.5;47573.5) (97.5486;97.5486) (0.1;0.1)
(47622.3;47622.3) (97.5986;97.5986) (0.1;0.1)
(47671.1;47671.1) (97.6486;97.6486) (0.1;0.1)
(47719.9;47719.9) (97.6986;97.6986) (0.1;0.1)
(47768.8;47768.8) (97.7486;97.7486) (0.1;0.1)
(47817.7;47817.7) (97.7986;97.7986) (0.1;0.1)
(47866.6;47866.6) (97.8486;97.8486) (0.1;0.1)
(47915.5;47915.5) (97.8986;97.8986) (0.1;0.1)
(47964.5;47964.5) (97.9486;97.9486) (0.1;0.1)
(48013.5;48013.5) (97.9986;97.9986) (0.1;0.1)
(48062.5;48062.5) (98.0486;98.0486) (0.1;0.1)
(48111.5;48111.5) (98.0986;98.0986) (0.1;0.1)
(48160.6;48160.6) (98.1486;98.1486) (0.1;0.1)
(48209.7;48209.7) (98.1986;98.1986) (0.1;0.1)
(48258.8;48258.8) (98.2486;98.2486) (0.1;0.1)
(48307.9;48307.9) (98.2986;98.2986) (0.1;0.1)
(48357.1;48357.1) (98.3486;98.3486) (0.1;0.1)
(48406.3;48406.3) (98.3986;98.3986) (0.1;0.1)
(48455.5;48455.5) (98.4486;98.4486) (0.1;0.1)
(48504.7;48504.7) (98.4986;98.4986) (0.1;0.1)
(48554;48554) (98.5486;98.5486) (0.1;0.1)
(48603.2;48603.2) (98.5986;98.5986) (0.1;0.1)
(48652.6;48652.6) (98.6486;98.6486) (0.1;0.1)
(48701.9;48701.9) (98.6986;98.6986) (0.1;0.1)
(48751.2;48751.2) (98.7486;98.7486) (0.1;0.1)
(48800.6;48800.6) (98.7986;98.7986) (0.1;0.1)
(48850;48850) (98.8486;98.8486) (0.1;0.1)
(48899.5;48899.5) (98.8986;98.8986) (0.1;0.1)
(48948.9;48948.9) (98.9486;98.9486) (0.1;0.1)
(48998.4;48998.4) (98.9986;98.9986) (0.1;0.1)
(49047.9;49047.9) (99.0486;99.0486) (0.1;0.1)
(49097.5;49097.5) (99.0986;99.0986) (0.1;0.1)
(49147;49147) (99.1486;99.1486) (0.1;0.1)
(49196.6;49196.6) (99.1986;99.1986) (0.1;0.1)
(49246.2;49246.2) (99.2486;99.2486) (0.1;0.1)
(49295.8;49295.8) (99.2986;99.2986) (0.1;0.1)
(49345.5;49345.5) (99.3486;99.3486) (0.1;0.1)
(49395.2;49395.2) (99.3986;99.3986) (0.1;0.1)
(49444.9;49444.9) (99.4486;99.4486) (0.1;0.1)
(49494.6;49494.6) (99.4986;99.4986) (0.1;0.1)
(49544.4;49544.4) (99.5486;99.5486) (0.1;0.1)
(49594.2;49594.2) (99.5986;99.5986) (0.1;0.1)
(49644;49644) (99.6486;99.6486) (0.1;0.1)
(49693.8;49693.8) (99.6986;99.6986) (0.1;0.1)
(49743.7;49743.7) (99.7486;99.7486) (0.1;0.1)
(49793.6;49793.6) (99.7986;99.7986) (0.1;0.1)
(49843.5;49843.5) (99.8486;99.8486) (0.1;0.1)
(49893.4;49893.4) (99.8986;99.8986) (0.1;0.1)
(49943.4;49943.4) (99.9486;99.9486) (0.1;0.1)
(49993.4;49993.4) (99.9986;99.9986) (0.1;0.1)
(50043.4;50043.4) (100.049;100.049) (0.1;0.1)
(50093.4;50093.4) (100.099;100.099) (0.1;0.1)
(50143.5;50143.5) (100.149;100.149) (0.1;0.1)
(50193.5;50193.5) (100.199;100.199) (0.1;0.1)
(50243.6;50243.6) (100.249;100.249) (0.1;0.1)
(50293.8;50293.8) (100.299;100.299) (0.1;0.1)
(50343.9;50343.9) (100.349;100.349) (0.1;0.1)
(50394.1;50394.1) (100.399;100.399) (0.1;0.1)
(50444.3;50444.3) (100.449;100.449) (0.1;0.1)
(50494.6;50494.6) (100.499;100.499) (0.1;0.1)
(50544.8;50544.8) (100.549;100.549) (0.1;0.1)
(50595.1;50595.1) (100.599;100.599) (0.1;0.1)
